   2.0000000e+00  -7.3741539e-01  -1.2741849e+00  -9.3105066e-01   1.8824346e-01  -1.7329324e-01   7.6932013e-01  -9.5502795e-01   1.7619946e-01  -3.3657884e-01   1.4481392e+00
   2.0000000e+00   1.2977912e+00   1.1961513e+00   3.0682825e-01  -1.7898564e-01  -1.6705413e-01  -1.9829296e+00   6.4615113e-02  -7.8140602e-01   9.8635919e-01  -2.3281778e-01
   1.0000000e+00  -1.4685121e+00  -1.8649349e+00   7.3306261e-01   1.2635763e+00  -9.9512492e-01   5.1828770e-01  -6.2117752e-01   1.4059699e-01  -1.9223649e+00  -3.9313299e-01
   2.0000000e+00   1.6026367e-01  -3.5308450e-01  -4.5815207e-01  -4.1186273e-01  -2.6241040e-02  -1.1144597e-01   1.4642839e-01  -1.1656504e-01   2.5864879e-01  -1.5568475e+00
   1.0000000e+00  -8.5578379e-01   6.9717341e-01  -7.4191639e-01   1.3241798e+00  -4.7036832e-01   1.8352634e-01   7.5132422e-01  -1.1266855e+00  -1.5492097e-01  -1.4140323e+00
   2.0000000e+00  -3.9895047e-01   1.7474868e-01   1.8902494e+00  -1.4132949e-02  -2.9060945e-01   1.1159486e+00   1.8700991e+00  -7.4199919e-01   1.0036938e+00   1.7746604e-01
   1.0000000e+00  -6.1409340e-01  -8.9769407e-01  -4.4952060e-01   5.3945224e-01  -1.8122273e+00   1.5217231e-01  -1.2274583e+00  -8.5705496e-01  -1.3858994e-01  -1.6657978e+00
   2.0000000e+00   1.3927149e+00   9.9903936e-01   1.0385913e+00   9.8946332e-01   1.0372110e+00   7.5863734e-01  -4.6818850e-01   3.7060697e-01  -8.6370096e-01   1.4305085e+00
   2.0000000e+00   1.8504476e+00  -1.0824246e-01   8.3915970e-02  -7.9014552e-01   4.2776302e-01  -1.4354432e+00  -1.7973750e-01   9.2215911e-01  -2.6495708e-01  -3.7130352e-01
   2.0000000e+00   1.4442461e+00  -1.8339930e+00  -1.7398429e-01  -1.6194389e-01   4.8794569e-01   2.5813535e+00  -2.5620492e-01   6.5304580e-01   1.5872652e+00  -7.4005644e-01
   2.0000000e+00  -1.1186216e+00  -3.8027846e-01   5.1204581e-01  -6.4836876e-02   1.1289328e-01  -1.0781077e+00   1.8993824e+00  -7.9029341e-02  -2.8923240e-01  -1.7698546e+00
   1.0000000e+00  -1.8649046e-01  -8.4622168e-02  -2.0461477e-02   1.3760616e+00   1.6769306e+00   6.4912878e-01   1.1738694e+00   5.0698215e-01   1.0198550e+00  -1.3600671e+00
   2.0000000e+00  -8.2677048e-01  -2.6179606e+00  -8.1651488e-01  -3.8172919e-01   5.7221370e-02  -2.5150108e+00  -1.0536375e+00   1.3987712e+00   7.8471498e-01   5.2701617e-01
   2.0000000e+00   1.2599044e+00   1.1313617e+00   5.5112120e-01   1.3879676e-01   4.5014226e-01  -9.8352538e-01   4.0628683e-01  -7.3302791e-01   6.7552356e-01  -3.4393031e-01
   2.0000000e+00  -3.1805716e-01  -7.4010822e-01   5.4024850e-01  -1.5569650e+00  -7.1139964e-01  -3.6830866e-01   1.2352226e+00   2.1376793e-01  -4.2442988e-01   2.0965035e+00
   2.0000000e+00  -1.0260712e+00   1.5281377e+00  -1.0960854e+00  -8.1797433e-01   9.3158533e-02   7.3212591e-01  -7.5719376e-02   1.5614664e-01  -3.1395232e-01  -7.5578232e-01
   2.0000000e+00   1.4010186e+00  -4.9305788e-01   4.7916183e-01   1.9328675e+00  -1.4185175e+00   1.5613101e+00  -1.1005566e-02   4.2760584e-01  -2.7581477e-01   3.7380124e-01
   2.0000000e+00  -1.9955454e-01  -7.6103370e-01   4.1979073e-01   1.2416071e+00   9.5069880e-01  -6.6608844e-01   1.1632343e+00   1.8232384e-01  -1.3820482e+00  -1.0033097e+00
   2.0000000e+00  -4.2824546e-01  -3.1021095e-01  -1.2162094e+00   5.3413494e-01   1.2807284e+00   2.3810287e+00   4.9832323e-01  -2.0041412e-01  -7.8922160e-01   1.6842023e+00
   1.0000000e+00  -3.5920416e-01   2.3230248e-01   5.8350553e-01   2.4302629e-01   7.1196436e-01   3.9436568e-02   6.2982099e-01  -1.5742736e+00  -3.1687571e-01  -1.2580561e+00
   2.0000000e+00  -2.4824245e-01  -5.8666371e-01  -6.5103625e-01  -1.5921193e+00  -4.5251482e-01   8.0391044e-01   5.5068855e-01   4.3153063e-01   8.9355652e-02   9.9593569e-01
   2.0000000e+00   5.8415209e-01  -1.7160364e-01  -6.5377925e-01   4.6313852e-01   8.8151739e-01   1.6770755e+00  -1.5046467e+00   9.0548903e-01   2.0546533e-01   3.7498769e-01
   2.0000000e+00  -6.6978218e-01   7.6238644e-01   1.0713266e+00   2.1430907e-01   8.6182016e-01  -2.3850714e-01  -2.1997757e+00  -1.3224929e+00   6.9581758e-01  -5.4902498e-01
   2.0000000e+00  -4.4877402e-01   6.0131225e-01  -7.8986987e-01   1.1468494e+00   5.4541042e-01  -4.5368317e-01   2.9725243e-01   1.6971648e+00  -2.9652493e-01   3.1596680e-01
   2.0000000e+00   1.1507012e-01   1.7931909e-01   8.8735257e-01  -5.3599173e-01   5.2385033e-01  -1.2808842e+00   1.4550193e+00  -4.5122943e-01   1.1747489e+00   6.1996745e-01
   2.0000000e+00  -1.4711525e+00  -2.5342716e-02  -4.8631264e-01  -6.0516630e-01   9.5932141e-02  -1.4177625e+00  -1.0921190e+00   1.9110990e+00  -4.7799304e-01   3.5205178e-01
   1.0000000e+00  -2.9733894e-01   1.4878729e-01  -1.4929575e-01   6.4137479e-01   3.5445777e-01   7.4024728e-01  -9.7398376e-01   6.3357126e-02   1.2385872e+00  -1.0919413e+00
   2.0000000e+00  -1.0498539e+00   5.7658855e-01   6.5933496e-01  -9.4899435e-01   2.4753781e-01  -1.1507966e+00   7.5513916e-01  -2.6078329e-01  -1.2904904e-01  -4.3337981e-01
   2.0000000e+00  -9.4739781e-02  -4.2641534e-01   6.0329386e-01  -1.1830743e+00  -1.5163399e+00   6.7479316e-01  -1.4210564e+00  -7.9616113e-02   6.0916583e-01   1.1567763e+00
   2.0000000e+00   2.3527966e+00  -2.5005602e-01   1.3269734e+00  -5.5854721e-01  -1.0180873e+00   4.7027005e-01   8.4019323e-01   6.1847051e-01   2.7949286e-01  -1.1490744e+00
   2.0000000e+00   7.8511524e-01   8.3835118e-01  -2.8986990e-01  -1.2672537e+00   1.2098160e+00  -7.7079241e-01   8.4983716e-01  -1.3854640e+00  -1.0637819e+00   1.6326937e+00
   2.0000000e+00   1.8438155e+00  -5.7911781e-01   2.5633408e-01   5.1707596e-01  -8.0310754e-01  -5.6731916e-01   1.0612825e+00  -6.3970594e-01  -2.7777101e-01  -5.5011582e-01
   1.0000000e+00  -1.3450466e+00  -8.7478518e-03   3.2480851e-01   1.1744361e+00   1.7820884e+00   2.9730760e-01  -6.1297706e-01   1.8065941e+00   1.2737633e+00  -3.9101623e-01
   2.0000000e+00   2.7285093e-01   8.1872506e-01  -1.0257939e+00   3.0448766e-01   5.8984906e-01   8.8417016e-01  -1.4094281e+00  -1.3266006e+00   1.2735887e+00  -6.2855036e-01
   2.0000000e+00   4.0045206e-01   7.2386046e-01   4.5483689e-01   7.0238133e-01   1.3406095e+00  -3.4102283e-01   3.5861216e-01  -1.6425171e-01   4.1648989e-01  -7.7942602e-01
   2.0000000e+00  -2.8577780e-01   1.2090482e-01   5.6540462e-01   1.0868961e+00  -5.8678217e-01   1.0075537e+00  -8.3952174e-01  -5.4137171e-01  -5.7966337e-01  -1.6652746e+00
   2.0000000e+00  -1.3466553e+00   2.6672895e+00  -1.3407699e+00  -1.8035118e-01   1.7782906e+00   3.3718559e-02  -9.8867274e-01   6.9844325e-01  -5.1680210e-01   9.1980372e-01
   2.0000000e+00  -2.7426625e+00  -1.4549167e-02   6.6929659e-01  -5.4786046e-01  -4.3894135e-01  -8.2033910e-01  -1.2334748e+00   6.7506269e-01   3.3956331e-01  -1.4558036e+00
   2.0000000e+00  -1.3472637e+00  -1.1787613e+00   1.3710887e+00  -1.1606856e+00  -3.3897060e-01  -2.7980616e-01   6.5298402e-01  -2.4641675e-01  -8.9438509e-01   3.7904883e-01
   2.0000000e+00  -2.9732925e+00  -4.8190940e-01  -2.3440108e-01   1.0872042e+00   1.4284826e-01  -3.9270198e-01  -1.0693466e+00   2.6525083e-01   1.4624561e+00   1.4056033e-01
   2.0000000e+00  -1.6291234e+00   2.5206811e+00  -6.9236193e-01   1.5568766e+00  -4.8341283e-01   1.1765893e+00   4.9132957e-03  -2.9111649e-02   1.5667149e-01   8.5124504e-01
   2.0000000e+00  -1.8479048e+00   1.7431521e-01   1.6732214e+00  -1.7818230e+00   1.2039132e+00  -2.5800511e-01   1.7791084e+00   3.5292815e-01  -9.2359906e-01  -1.3541854e-01
   2.0000000e+00  -1.0466519e+00  -5.2611606e-01  -4.7957090e-01  -9.0563075e-01  -5.3747780e-01  -1.2973683e+00   1.0623557e+00  -8.4508704e-01   4.7475739e-01   3.1198693e+00
   2.0000000e+00   1.3299636e-01  -6.4047428e-01  -2.2222480e+00   4.2774813e-01  -8.0533974e-01   8.7047211e-01  -1.0165241e+00  -9.4363975e-01   3.7953427e-01  -1.0390930e+00
   2.0000000e+00   1.6068925e-01   1.5637494e+00   1.1921972e+00  -2.2369955e+00  -7.9164118e-01  -1.4632795e-01   9.1535711e-02  -6.8173736e-01   1.0703939e-01  -8.8824259e-01
   2.0000000e+00  -7.7081016e-01   7.6588308e-01   1.2145540e+00   7.6873995e-01   3.3555028e+00   9.4913102e-01   1.6230424e-01  -1.2041307e+00  -5.1318622e-01  -1.3784984e+00
   2.0000000e+00  -1.2128068e+00  -2.1712570e-01  -2.1059551e+00   8.5324632e-01  -7.5066944e-01   5.4195321e-01   6.0240563e-01  -5.6444093e-01   1.9950245e+00   1.7732595e-01
   2.0000000e+00   1.0280442e+00  -5.7374606e-02   4.1885146e-01  -1.6422169e-01   1.4902447e-01   1.3133739e+00  -1.7676140e+00   2.7093339e-01   1.0679312e+00  -1.3821305e+00
   2.0000000e+00   6.0892864e-01   2.6675054e-01  -9.9805580e-01  -7.7691092e-02  -7.8286697e-01   1.3370778e+00   6.0838134e-01  -4.0090259e-01  -4.8292161e-01  -1.3576090e+00
   2.0000000e+00   1.2060772e+00   8.3587387e-01   4.5785896e-01   2.4514089e+00   1.4280616e+00  -7.3699524e-01   3.7558908e-01  -1.5007090e-01   3.5754643e-01   6.5285461e-01
   2.0000000e+00   9.1582242e-01   1.2307347e+00  -1.1296803e+00   1.0722600e+00   1.9903185e+00   3.7436942e-01  -1.7995942e+00   5.5576867e-02   3.9431866e-01  -2.7369130e-01
   2.0000000e+00   2.5015946e-01  -1.5504983e+00  -5.1770577e-01   7.9515976e-01  -8.6672939e-01  -1.6765177e+00  -1.2993512e+00  -1.7939095e+00  -5.0304578e-01  -9.0968884e-01
   2.0000000e+00  -9.1079209e-01   6.0344395e-01   5.3406196e-01   1.8798419e+00   4.7446215e-02  -1.4610823e+00   7.5896281e-01   7.9175899e-02  -8.0861592e-01   7.2420914e-01
   2.0000000e+00  -1.1970107e+00   9.1742405e-01  -4.7282359e-01   1.1281518e+00  -7.1680584e-01  -7.1296984e-01   7.9775303e-01   5.6170040e-02   8.9484355e-01  -2.0022043e-01
   2.0000000e+00  -1.3605493e+00  -1.8473183e+00   2.4415916e+00   1.5101038e+00   6.3235862e-01  -1.4784595e+00  -1.6744154e-01  -7.2712894e-01  -9.6314741e-01  -2.3118942e-01
   2.0000000e+00  -1.4850500e+00   7.9410944e-01  -4.8001205e-01   8.7624086e-01   2.8470033e-01   8.5320106e-01   6.4589062e-01  -7.7487541e-01  -1.4944613e+00   1.2015934e+00
   2.0000000e+00  -1.3750354e+00   1.6065995e+00   6.2831816e-01  -1.4745346e+00   1.0447416e+00  -1.2864220e+00  -2.7063145e-01  -2.0530137e+00  -3.2039614e-01   1.4200045e+00
   2.0000000e+00  -1.1752490e+00  -8.8094879e-01   7.0708191e-01   8.0245237e-01  -1.0240955e+00  -5.5204744e-01   7.2307653e-02   1.0642486e+00  -1.9342208e-01  -1.9335680e-01
   2.0000000e+00  -9.2639511e-01   2.6317873e+00  -5.0761270e-01  -1.7974084e-01   1.0456626e+00  -3.7158900e-03   4.4989629e-01  -5.4524100e-01   6.1282768e-01  -2.8230914e-01
   2.0000000e+00  -1.8236945e-01  -9.9893138e-02  -2.2710577e+00  -1.5970039e-01  -8.2262335e-01   1.1803776e+00  -9.0650642e-01  -1.7282782e-01  -1.1383606e+00   4.3942317e-02
   1.0000000e+00  -7.6528403e-01   1.5577668e+00  -1.4976396e-01   6.4469136e-01  -1.9234829e+00   6.5529570e-01   1.2300309e+00   1.8011311e+00   1.8295182e+00  -1.7597488e+00
   2.0000000e+00   1.3870860e+00  -5.7384808e-01   8.0165268e-01   1.8203583e-01   2.2483525e-01  -1.7382504e+00  -2.2596440e+00  -6.6315318e-01  -1.5449569e+00  -1.4079338e+00
   2.0000000e+00  -2.1484299e+00  -2.1790393e-01  -7.3259396e-01   1.4225368e+00   1.1092154e+00  -2.8751038e-01   4.9086311e-01   1.8465028e+00   1.0215565e+00  -5.9014329e-01
   2.0000000e+00   3.4460821e-01  -3.5545601e-01  -1.3140804e+00  -8.0508376e-01  -2.2276562e-01  -7.5043957e-02  -4.6603315e-01   1.7952918e+00   7.4114093e-01  -6.2488367e-02
   1.0000000e+00   1.5674377e+00   3.2666815e-01   5.2519800e-01  -9.5418305e-01   5.1275995e-01   5.8927814e-01  -1.3680655e-01   1.9333042e+00   2.5134170e-01  -1.9736291e+00
   2.0000000e+00   2.7696138e-01  -7.7423967e-02   2.1992154e+00   6.4921943e-01   9.9471358e-01   1.0593925e-01   1.1815310e+00   6.1024258e-01  -4.9900899e-01  -4.5948757e-01
   2.0000000e+00  -9.6027282e-01   6.8795312e-01   1.5331662e+00   1.3551355e+00  -3.4482691e-01   7.3325313e-01   1.3300172e+00  -1.2543893e+00  -3.3774531e-01   8.3378716e-01
   2.0000000e+00   7.9585415e-01   1.2030399e+00   7.7479327e-01  -8.7574648e-01   1.2226924e+00   2.5630843e+00   4.0436907e-01  -9.4541335e-01  -1.9626533e-01   8.8999813e-01
   2.0000000e+00  -8.0354557e-01  -3.9445028e-01   6.1708577e-01   2.8195614e-01  -7.8496645e-01  -3.9049863e-01  -1.1286091e+00  -6.5371498e-01  -1.3558497e+00  -6.9676902e-01
   2.0000000e+00  -2.8290602e-01  -3.8981100e-01   1.3700515e-01  -5.4135434e-01   1.7627733e+00  -5.6870546e-01  -1.5340638e+00  -5.0445124e-01   1.1624219e+00  -2.6058234e-01
   2.0000000e+00  -1.1025934e+00   5.6011527e-01  -1.1588061e-01  -5.3424667e-01  -1.2157396e+00   1.7065114e+00  -7.1968573e-01   1.1004698e+00   9.0044736e-01  -3.0462142e-01
   2.0000000e+00  -1.3147998e+00  -1.5803646e+00  -2.6960063e-01   7.9083105e-01   6.5397277e-01  -7.1862474e-01   1.1871580e+00   4.4761924e-01  -1.2430153e-01  -8.5140710e-01
   2.0000000e+00  -1.4311937e+00   1.0870509e+00  -5.1881216e-01   1.8724181e-01  -1.0748483e+00  -7.0740126e-01   1.2363020e+00   1.2438933e+00   2.1025938e+00  -2.6560447e+00
   2.0000000e+00  -1.8836262e-01   5.8340059e-01   9.1500889e-01  -2.7943316e-01  -9.3775483e-01  -1.8030734e+00  -5.0589200e-01  -8.0157205e-01  -1.8304626e+00   6.1572572e-01
   2.0000000e+00  -1.1877078e+00  -3.9774633e-01  -4.3934861e-01   4.7281555e-02   1.1526064e+00   1.5728855e+00  -9.1438524e-02   8.9536010e-02  -3.1307929e-01   4.2100471e-01
   2.0000000e+00   1.1755660e+00   8.4548095e-01   1.2979376e+00  -1.6628477e+00  -1.1635826e-01  -9.4115411e-01   1.7819937e+00   5.1967555e-01  -1.4157276e+00  -4.4280421e-01
   2.0000000e+00  -7.0817535e-02   2.0327286e+00   6.9205056e-01   3.1834760e-01   3.0780333e-02  -7.9558493e-01   5.6516073e-01   5.0583341e-01  -9.1072924e-01  -1.5271443e+00
   2.0000000e+00  -9.6950418e-01   1.6295486e+00  -1.4322188e+00  -2.6021801e+00  -2.2143101e+00   1.3017591e-01  -4.9752550e-01  -2.9148986e-01   7.9020367e-02   2.4182899e-01
   2.0000000e+00  -1.0164994e+00   4.2583537e-01   8.7012093e-01   7.1728746e-01  -1.4189216e+00   7.9711498e-01  -1.1981390e+00  -1.6283512e-01   3.4266369e-01  -2.1722634e+00
   2.0000000e+00   7.2645709e-01  -1.3020673e+00   9.7693466e-01  -1.0789233e+00  -3.2128582e-01   1.3263056e-01  -3.3423340e-01  -9.8921323e-01   7.3860638e-02  -9.4615822e-01
   2.0000000e+00  -4.7104160e-01   5.2655498e-01   1.2117459e+00  -4.2331945e-01  -9.3622871e-01  -3.7064097e-01   6.3829078e-01   3.8417972e-01   2.3415050e+00  -1.9331619e-01
   1.0000000e+00  -8.8025688e-01   1.8892390e-01   2.0042184e-01  -5.4679413e-01  -1.3568421e+00   2.5831565e-01  -4.8431785e-01  -2.0765894e-02   1.6130713e+00  -1.3133203e+00
   2.0000000e+00   1.6582898e+00   4.9866730e-01   5.8418197e-01  -4.5313974e-01  -1.0749950e+00  -3.4785701e-01   1.3678700e-01  -1.5260532e+00  -8.7245815e-01   2.6814393e-01
   1.0000000e+00  -1.8523128e+00   5.0444999e-01   1.1435830e-01   2.8088838e-01   1.4904180e+00   5.5172332e-01   7.6408895e-01   1.4082851e+00   1.1121958e+00   3.4513973e-01
   2.0000000e+00  -5.0900411e-01   1.3841147e+00  -6.6490261e-01  -2.5656503e-01   2.2268278e+00  -9.6254783e-01  -1.5307059e+00   1.0003025e+00   5.8236963e-01   2.1720531e+00
   2.0000000e+00   7.9025167e-01  -9.9444590e-01  -2.1715361e+00   9.4081414e-01   5.6451117e-01   1.5017073e+00   9.6149909e-01   2.1398271e-01   3.8502060e-01   2.0806381e+00
   2.0000000e+00  -7.7671261e-01  -9.4160954e-01  -9.3156108e-01   5.8141240e-01   1.7979525e+00   5.3670893e-01  -9.3175386e-02   1.6401722e+00   1.3804460e+00   2.1198147e+00
   2.0000000e+00   5.7875199e-01  -1.5452228e+00  -2.1452754e+00   9.6307106e-01  -1.2219517e+00   7.1317838e-01   2.6156116e-01   6.0215893e-01   5.1879439e-01   3.4295139e-01
   2.0000000e+00  -1.5371965e+00  -5.0093302e-01  -1.5897977e+00   7.4998965e-01   2.2917848e+00  -7.1777480e-02   1.2761911e+00   1.1985673e+00  -3.0512614e-01   1.0426601e+00
   2.0000000e+00   6.3973077e-01  -5.8086035e-01   1.4216870e+00   5.7667006e-01   1.7647797e+00  -2.1813746e-01   6.3725710e-01   1.7251224e-01   6.1182008e-01   6.6566279e-01
   2.0000000e+00   1.1728766e+00  -1.2452364e+00   6.4463156e-01  -5.9978987e-01  -3.1733733e-01   1.3579899e+00   3.6588226e-01  -4.9501637e-01   8.8962932e-01   3.7627490e-01
   2.0000000e+00   2.6108369e-01   3.1101476e-01   6.1462216e-01  -7.3296581e-01   4.9597417e-01   1.1591421e+00  -1.1510691e-01  -2.6287515e-01  -8.4828720e-02   3.8042838e-01
   2.0000000e+00   1.4944594e+00   2.3691886e-01   2.5884550e-01   5.8376247e-01   8.0947150e-01  -1.1014452e+00   1.3299658e+00  -1.3145138e+00  -2.6902043e-01  -1.3076094e+00
   2.0000000e+00   8.3549838e-01  -5.4223127e-01   9.8164276e-01   1.6557943e+00   7.7398157e-01  -8.0951764e-02  -6.4182134e-02   5.8875522e-01  -1.6838199e+00   1.1233613e+00
   2.0000000e+00   2.0069396e-01  -1.6208493e-01  -6.2679428e-01   4.5472622e-01   1.2292510e+00  -2.2198331e+00   5.8478094e-01   4.2958387e-01  -2.4530405e+00   3.6490997e-01
   2.0000000e+00  -2.0714231e+00  -2.1071627e+00  -2.0897641e+00  -2.4437386e-01   1.5274438e+00   1.1024327e+00   1.6600570e-01  -2.4057325e+00   1.1287411e+00  -1.1998917e+00
   2.0000000e+00  -5.6337471e-01  -7.7251887e-01  -1.0952543e+00   1.1486944e+00  -3.6697782e-01  -3.9858235e-02  -3.8366498e-01   6.5625438e-01  -1.1369638e-01   8.9079449e-01
   2.0000000e+00   6.7128046e-01   1.5736391e-01  -1.7423823e+00  -4.0482016e-01  -2.1409566e-01   3.8826604e-01   1.1598127e-01   1.5574259e+00   7.6898290e-01   5.1902800e-01
   2.0000000e+00   1.1650011e+00  -9.3845563e-02  -1.8507606e+00  -1.1417842e-01   6.6686229e-01   8.1674744e-01   1.4162692e-02   1.5460431e+00  -1.7467995e-01  -1.8338372e-01
   2.0000000e+00  -7.4974759e-03   2.4929474e-01  -8.0422582e-01   1.1184636e+00   2.6810644e+00  -1.4814007e+00   1.0079175e+00  -9.5702194e-01  -5.3118613e-01   8.3310017e-02
   2.0000000e+00  -4.5399435e-01  -8.1358341e-01   3.1291552e-01  -1.7622588e+00   2.3883950e-02  -8.9568621e-01  -1.1011191e+00  -8.0961158e-01  -2.1843342e-01  -5.1830041e-01
   2.0000000e+00   1.1764810e+00  -2.9407383e-01  -2.4902661e-01  -4.7854372e-01   9.7723025e-01  -7.5647241e-01  -1.0139259e+00   9.9803432e-01  -2.0078670e-02   3.1978554e-01
   2.0000000e+00   3.8940185e-01  -2.2152004e-01   5.6068726e-01  -1.0280984e+00   5.5528946e-01  -5.8698396e-01   5.5813965e-01   6.3169451e-01   1.7393640e-01   1.2515853e+00
   2.0000000e+00   1.1556279e+00  -1.3185832e+00   2.1522907e-01  -2.6141360e+00   1.0354803e+00  -4.9025629e-01  -2.8767137e-01   6.7621713e-01   2.3248441e-01  -3.6560863e-01
   2.0000000e+00   9.4924997e-01  -2.5871885e-01   5.9738162e-01   1.4670170e+00   4.4278860e-01   1.6506199e+00  -6.9324074e-01   1.5917727e+00   2.0421911e+00   5.1847490e-01
   2.0000000e+00  -1.0017334e+00   7.1781287e-02  -5.8517546e-01   5.6739394e-01   4.6155528e-01  -6.5429405e-01  -8.1774149e-01   7.9565505e-01   2.3082698e-01  -9.0235362e-01
   2.0000000e+00  -1.2286745e+00  -1.9473674e-02  -8.8317548e-01   2.3571175e-01   4.6187153e-01  -1.5894502e+00  -2.1974111e-01   5.6425255e-02  -6.7179991e-01  -7.8717142e-01
   2.0000000e+00   3.1254243e-02  -4.8986135e-01  -1.4970336e+00   6.4307223e-01   5.4367703e-01  -1.4486465e+00  -8.6337625e-01  -1.5724082e+00  -4.1385108e-02  -3.2703981e-01
   2.0000000e+00  -1.2072234e+00   7.2388272e-01  -8.7043576e-01  -1.9828779e-01   7.8752100e-01   2.1113118e+00  -6.7361697e-01   2.3328171e-01  -5.7810473e-01  -1.6836455e-01
   1.0000000e+00   8.4693757e-01   9.3916817e-01  -1.2751674e-01  -5.9570182e-01   3.9082420e-02   4.6134241e-01   5.4886528e-01   5.4543879e-01  -2.7610101e+00  -1.6874962e+00
   2.0000000e+00   1.8811769e+00   7.7119416e-01  -3.1905206e-01  -9.9978244e-01   2.2038300e-01   1.3279825e+00  -2.3795356e-01   5.7593869e-01   5.2518309e-02  -4.4527732e-01
   2.0000000e+00  -7.6145641e-01  -3.7683600e-02  -5.8196944e-01   3.4837527e-01  -3.1595562e-01  -1.9503798e+00  -3.3424461e-01   3.0951923e-01  -2.3955475e-01   1.1649018e+00
   2.0000000e+00  -1.1306926e+00   2.9972466e-02  -1.2104073e+00  -1.3063380e+00   7.2626413e-01  -2.8926109e-01  -3.4547291e-01   6.9247998e-01  -2.7512979e+00   6.8743419e-01
   1.0000000e+00   9.5027567e-01  -1.0748584e+00   7.2663264e-01   1.2662349e+00   7.7639928e-01   1.1691134e-01  -4.8412388e-01  -4.0383154e-01  -4.9569739e-01   7.9580854e-01
   2.0000000e+00  -7.6862913e-01   1.4051770e-03   6.9792747e-01   7.6405463e-02   1.8511037e-03   1.4316174e+00  -1.4009506e+00   1.3771464e-01  -3.2932300e-01   6.8555336e-01
   2.0000000e+00  -1.4175525e-02  -1.8588335e+00   1.7034356e+00  -3.3136578e-01  -2.4877083e-01  -3.6304979e-01  -2.0785658e-02   2.3090639e+00  -1.2981682e+00  -9.5935021e-01
   2.0000000e+00   8.0220981e-01  -1.0833196e+00  -6.5054318e-02   2.9118842e+00  -4.1006851e-02  -2.0451197e-01   9.5478968e-01   1.6292498e+00  -2.1235786e-01  -9.5600871e-01
   1.0000000e+00  -2.6373223e+00  -6.6894671e-02  -8.8773029e-02  -1.0953718e+00   1.7550287e-01   4.5213530e-02  -3.4596278e-01  -1.8608411e-01   1.0825740e+00   4.8130490e-01
   2.0000000e+00  -9.1260481e-01  -1.7509271e+00   1.0565957e+00   1.4581909e+00   2.9151541e-01   1.3940859e+00   1.6280382e-01  -2.8456338e-01   1.3665623e+00  -4.6600573e-01
   2.0000000e+00  -3.8115521e-01  -4.0907532e-01  -4.1745537e-01   1.9293196e-01   1.2018133e+00  -3.4917288e-01   1.0859661e+00   1.6148381e+00  -1.7700116e-01   4.4386821e-01
   2.0000000e+00   6.5718007e-01  -9.7130644e-02   4.2260417e-01   4.2525079e-01  -7.0696111e-01  -2.4393788e-01  -1.0147590e-01  -3.7163351e-01   1.0192065e+00  -2.3380688e+00
   2.0000000e+00  -2.8587610e+00  -8.4933780e-01  -9.1641336e-01   8.3096442e-01   5.7264077e-01  -2.6676267e-01  -1.8339292e-01  -1.7050402e-01  -1.4121737e-01   5.9302931e-01
   2.0000000e+00  -3.0704579e-01   6.4628483e-01  -1.5326670e+00  -2.3101916e-01   5.7139033e-01  -1.2056984e+00   3.6303034e-01   1.1831424e+00  -8.8131598e-02  -1.3595391e+00
   2.0000000e+00  -2.1810142e+00  -3.9915751e-01   3.1694939e-01  -5.3001030e-02  -1.4468149e+00  -6.8325504e-01  -2.0384129e-02  -6.7781302e-02  -1.0700024e+00  -1.6151126e+00
   2.0000000e+00   3.2192096e-01  -4.1760452e-01   1.2530960e-01   2.5131083e-01  -6.8754013e-01  -6.0839689e-02  -1.0088646e+00  -1.4131826e+00  -7.7554553e-01  -1.1001634e+00
   2.0000000e+00  -1.2454700e+00  -5.0777056e-03   5.9993893e-01  -1.1090849e+00  -9.1411277e-01  -9.6734270e-01  -1.4466608e+00   5.5682541e-01   1.1329618e+00  -4.3553387e-01
   2.0000000e+00  -3.9846459e-01  -8.6412656e-01  -1.0958853e+00   1.3689634e+00   2.2798208e+00  -1.5085586e+00  -1.0645095e+00  -9.5754003e-02   3.7372097e-01  -1.6672802e+00
   2.0000000e+00   1.1348110e+00  -1.4947242e+00   9.0889357e-01   1.2160319e+00  -3.1369969e-01  -2.0070756e+00  -7.3483850e-02   2.3056564e-01   6.3336914e-01   1.5039434e+00
   1.0000000e+00   3.3335885e-01   1.1883472e+00   6.6485348e-01   1.5028287e-01  -5.4911825e-01   4.9841268e-02   8.5468287e-01   1.1694718e+00  -8.7188686e-03   9.3687499e-03
   2.0000000e+00  -8.1261807e-01   1.2836017e+00   1.7159928e+00   1.2819431e+00  -1.7847551e+00   6.7074474e-01  -1.0599128e+00  -8.7016951e-01   1.6923018e+00   1.2571430e-01
   2.0000000e+00   5.8382664e-01   3.2024858e-01   1.9605097e+00  -2.1507820e+00   1.5240221e+00   1.4118505e-01   2.9892305e-01   1.7690276e+00   2.1882440e+00   7.1628248e-01
   2.0000000e+00   6.3138080e-02   1.3531953e+00  -6.3437208e-01   1.2641862e+00   1.3204269e-01   1.1572347e+00   7.5888039e-01  -1.0018796e+00   1.7462345e-01  -2.3946832e-01
   2.0000000e+00   5.8892397e-01  -7.1767330e-02  -2.9354362e-01  -1.0712226e+00   2.3794105e-01  -7.7022369e-03   1.3297552e+00   1.1609269e+00   1.0504566e+00   9.6515854e-01
   2.0000000e+00   5.9986606e-01  -1.2377570e-01  -6.8640020e-01   9.3727426e-02   7.6408317e-02  -1.2671658e+00  -1.3359439e+00  -6.3354288e-01   5.8058007e-01   3.9802101e-02
   1.0000000e+00  -7.4571227e-01   5.8035703e-01  -1.7680151e-01  -1.3864283e-01  -1.1853123e+00   6.3389807e-01  -4.1777543e-01  -2.4052498e+00   2.0958731e+00   1.4936922e+00
   1.0000000e+00   1.0858164e-01  -7.5920715e-01   1.4491438e-01  -1.0706809e+00  -1.0881276e-03   1.5882559e-01  -4.1660373e-01   1.4713281e+00  -1.7154012e+00   1.1833341e+00
   2.0000000e+00  -1.5399138e+00  -1.5663615e-01  -9.2424847e-01   2.1661298e-01   3.6324635e-01  -3.4849214e-01   2.1281426e-01   4.8521125e-01  -1.2776449e+00   6.9263209e-01
   2.0000000e+00   1.3267280e-01  -5.0254262e-01   4.3384130e-01  -1.5052810e-01   1.2155029e+00  -7.9689632e-01   4.4056303e-01   3.1438721e-01  -1.3855698e+00   1.1760243e-01
   1.0000000e+00  -1.0609827e+00   1.5862976e-01   2.9239931e-01   3.2164962e-01  -4.1694137e-02   3.7759086e-01  -1.3151206e+00   6.4172791e-01  -1.1264471e+00  -2.8930980e-01
   1.0000000e+00  -4.2213857e-03   3.9559815e-01   2.7294301e-02   1.8138872e-01  -3.7202322e-01   3.1965897e-01  -3.2823323e-01  -1.0548873e+00  -8.3088386e-01   6.4192823e-01
   2.0000000e+00   8.4847877e-01   8.3696251e-01  -1.1048640e+00  -1.5150338e+00  -6.5407794e-01   1.4772140e+00  -9.3169801e-02   1.1674537e+00   3.5108857e-02  -3.3776917e-01
   2.0000000e+00  -1.3890693e+00   1.0783964e+00   1.1641029e+00   5.2829306e-01  -5.3585152e-01  -1.1614597e-01  -1.2110924e+00   7.6764769e-01  -1.4394099e+00   3.8694762e-01
   2.0000000e+00  -1.2266091e+00  -1.2002526e-01   4.4746534e-01   5.4023342e-01   5.1960102e-01  -1.7903039e+00  -3.0663339e-01   1.0069309e+00  -1.6303711e+00  -1.0684639e+00
   2.0000000e+00   1.3104393e-01  -3.3444454e-01  -5.0255440e-01  -7.3757772e-01   9.2025678e-01  -5.4666752e-01   6.5350336e-02  -4.0189888e-01   5.6518142e-01  -8.1324139e-01
   2.0000000e+00   1.4825958e+00   3.9184954e-01   8.2701857e-01  -2.6901022e+00  -2.3511255e-01  -8.0321234e-01   2.2081770e+00  -1.0948998e+00   7.7381439e-01   1.8532366e-01
   1.0000000e+00  -5.7334604e-01   9.8872030e-02   3.2716795e-01   3.2311272e-01   1.0514192e-01   2.4231446e-01  -1.8350631e+00  -6.3950534e-01  -1.2491182e+00  -6.0219841e-01
   2.0000000e+00   3.6623085e-01   1.6345021e-01   1.0948343e+00   4.9213825e-01  -8.1138758e-01  -1.4922033e+00  -2.3703246e-01  -1.1536213e+00  -6.8177052e-01   2.6233963e+00
   2.0000000e+00  -2.0948987e+00   2.4032540e-01  -4.1293367e-01  -2.2183998e+00  -2.1373634e+00  -7.0062894e-02  -1.2724632e+00   9.5592354e-01   1.0570232e+00   3.6210555e-01
   2.0000000e+00   2.4326915e-01  -1.7307525e+00  -6.8881496e-01   1.3712699e-01   1.0630027e+00   1.4387835e+00  -1.5910829e+00  -1.2192448e+00   1.7888962e+00   8.6646027e-01
   1.0000000e+00   1.3791151e+00  -5.3265517e-01   2.0441975e-01   2.7102341e-01  -5.0850245e-01   2.8282017e-01   1.4577412e-01  -1.9606287e-01  -1.0787343e+00   2.9445742e-01
   2.0000000e+00   7.0866520e-01   1.3200640e+00  -2.9848548e-01  -8.1123555e-01  -3.4416553e-01  -6.0488567e-01  -6.6213700e-01  -1.2911895e+00  -1.3592933e-01   8.8830796e-01
   2.0000000e+00  -1.0960954e+00   8.6922995e-01  -7.0576263e-01  -1.6576270e+00  -1.4455637e+00  -3.3002898e-01  -1.4147383e+00   1.4272074e+00  -3.7226958e-01  -2.0321384e-01
   2.0000000e+00  -6.0491475e-01   2.1232951e+00   1.2383376e+00   2.1034398e+00  -5.3669619e-01   1.1236950e-01  -3.2643764e-01   9.4911918e-01   4.7655724e-01   1.1105815e+00
   2.0000000e+00  -5.1824207e-01  -1.8060185e+00  -1.9334657e+00   7.2515006e-01  -1.8761947e+00   1.7975393e-01   5.2532325e-01  -1.2528259e+00   2.3675002e-01  -8.8760544e-01
   2.0000000e+00   3.8446467e-01  -2.9632540e-01   2.6821573e-01  -1.6681931e+00   1.4483548e+00   2.2671418e+00   5.1699670e-01   4.0652457e-01   1.3446530e+00   3.2455088e-01
   2.0000000e+00  -2.8586305e-02  -6.4597031e-01   3.5979657e-01  -2.6623381e+00  -1.2474174e+00   1.3675949e-01   4.5934776e-01  -3.9140667e-02  -8.4951335e-02   1.7550314e+00
   1.0000000e+00   5.5435799e-01   9.9298470e-01  -4.5097383e-01  -2.9168354e-01   2.3487042e+00   5.1121279e-01   8.3172710e-01  -1.5454131e+00   1.5979893e-01   9.7241325e-01
   2.0000000e+00   1.5296351e+00  -1.5009016e-01   1.5434097e+00   8.3044394e-01  -1.1908380e+00   3.3953508e-01   2.4231604e+00  -8.4148813e-01   1.0147480e+00  -4.2720646e-01
   2.0000000e+00   2.5541685e-01   1.7576595e+00  -2.3631677e+00   9.8316095e-01  -1.0581822e-02  -2.9393963e-01   2.7413720e-01  -5.7639154e-01  -4.8074264e-01   2.5113638e+00
   2.0000000e+00  -9.9471765e-01  -4.1965652e-01  -1.0382712e+00   1.3376990e+00  -1.2425385e+00  -2.0235883e+00   1.2094014e+00  -1.4971375e+00  -3.5284413e-01   1.1135803e+00
   2.0000000e+00  -2.0451371e+00  -9.4655334e-01  -1.9309377e+00  -6.2232461e-01  -1.4220481e-01  -4.4680237e-01  -3.6692916e-01  -7.9422424e-01   1.9903869e-01   1.7029957e+00
   2.0000000e+00  -1.1909345e+00   1.5808744e+00  -7.5040724e-01   7.0575006e-01  -1.1264439e-01   7.2729321e-01  -5.1027900e-01   2.0575968e+00  -4.7685464e-01  -6.3952982e-01
   2.0000000e+00  -6.0105679e-01   3.4278884e-01   1.4952609e+00  -2.0225694e-02   1.5545763e+00  -2.2062746e-01  -5.6762534e-01  -1.4334390e+00   1.7919166e-01  -9.0344577e-01
   2.0000000e+00  -4.4436496e-02  -2.1353337e-01  -8.1706954e-01  -1.9259625e-01   1.3383171e+00   1.2338623e+00  -3.3331753e-01  -7.9509239e-01   7.7121802e-01   5.5956980e-01
   2.0000000e+00  -7.1022289e-01   9.5278182e-01   6.1647051e-01   4.6449567e-01   1.1474187e-01  -1.5254795e-01  -9.2932145e-03   9.4093445e-01   1.0172488e+00   1.3133711e+00
   1.0000000e+00   1.6929775e+00  -4.0222031e-01  -6.1927922e-01  -1.0383690e+00   1.6152316e+00   4.5633693e-01  -1.3063667e+00   4.1931260e-01  -5.2629012e-01  -2.3042649e+00
   2.0000000e+00   7.2337433e-01   9.0340514e-02  -1.3005079e+00  -2.5893664e-01  -7.5730346e-01  -6.1781736e-01  -1.1621315e+00  -1.8139645e+00  -1.2179589e+00  -1.1513224e-01
   2.0000000e+00  -1.6572715e+00  -2.1434692e-01   4.0589403e-02   5.9100121e-01  -1.1488092e+00  -5.3061426e-01   1.7617122e-01  -2.6726222e-01   7.2959801e-01  -3.0400882e+00
   2.0000000e+00   9.1964028e-01   6.5092248e-01  -6.9805105e-01  -3.9326403e-01  -3.0069815e-01   9.9606553e-01  -2.7644634e-01  -1.5267060e+00   5.6032435e-01   7.8257956e-01
   2.0000000e+00  -8.9541811e-01   1.5775808e+00   1.5865452e-01  -1.5292081e+00   8.3319827e-01  -3.4339251e-01   4.2149553e-01   5.5767053e-01  -5.5054017e-01  -1.0427598e+00
   2.0000000e+00   2.1657088e+00   4.6354633e-01   9.8770437e-02  -6.7022190e-01  -1.5680276e+00  -5.7957558e-01   1.4340554e-01   5.5550111e-02   4.3410031e-01   5.3045557e-03
   2.0000000e+00  -1.7620010e+00  -2.1869104e+00  -1.4219092e+00   1.0914875e+00   3.4480701e-01  -3.4887772e-01  -4.3007440e-01  -6.9041700e-01  -1.8858939e-01   7.1432317e-01
   2.0000000e+00  -1.0519949e+00  -2.9368563e-01   1.9519629e-01   5.0475453e-01  -2.0000220e+00  -9.2010295e-01  -4.6384699e-01   3.3860348e-01   9.4995436e-01   3.3245548e-02
   2.0000000e+00  -2.2734887e+00  -1.4982539e+00  -2.6869884e+00  -2.6545141e+00   2.7652981e-01  -8.8768242e-01  -1.7739053e+00  -9.7219082e-01   1.0570896e+00   6.9394528e-01
   2.0000000e+00   1.3031226e+00  -7.1483607e-02  -7.1272806e-01  -7.4581451e-01  -8.0884801e-01  -1.8585869e+00   2.3154400e+00   1.3019762e+00  -4.0070217e-01  -1.2253897e-01
   2.0000000e+00   7.2600178e-01  -6.3675718e-01   7.4999156e-01   6.4372127e-01  -1.6439921e+00  -1.1421117e-01  -3.4132053e-02  -1.1101877e+00  -7.9374018e-02  -1.1213233e+00
   2.0000000e+00   1.7994872e+00   9.1800957e-01  -1.4974568e+00   9.7689687e-01   2.3905947e-01   7.1875747e-01   6.4047302e-02  -1.0843741e+00  -1.1389451e+00  -1.0215331e+00
   2.0000000e+00  -6.0481023e-01  -1.0451675e+00  -6.7215595e-01   3.7475354e-01  -2.1156148e-01   2.1908464e+00  -1.8035050e+00   8.9483128e-01  -7.3763951e-02   5.4290830e-01
   2.0000000e+00  -5.0601731e-01   7.6270548e-01   1.8582630e+00  -9.6702734e-02  -7.9627627e-01  -6.4538104e-01  -9.0728241e-01  -4.5916371e-01  -4.7796926e-01   2.3182382e+00
   2.0000000e+00   1.0872685e+00   1.0333069e+00  -8.3158981e-01   4.3984551e-01   2.2342969e-01  -6.4146958e-01  -2.4136332e+00  -7.5760381e-01  -2.3855289e-01   7.3053760e-01
   2.0000000e+00  -2.0488506e+00   1.0220110e+00  -1.4181378e+00  -4.5003056e-03  -9.1983129e-01  -1.3474956e+00  -1.2490058e+00  -8.1168155e-01   1.2340946e+00  -7.9755081e-02
   2.0000000e+00  -2.6725178e-01   4.7878447e-01  -1.1940727e+00   6.7185365e-01  -7.0860424e-01  -3.4262086e-01   1.0304574e+00  -1.2489342e+00  -1.0593262e+00   1.4543005e-01
   2.0000000e+00   1.1080948e+00   1.4041047e+00  -2.2210528e-01   1.7692680e+00  -7.3454585e-01   2.3516772e+00   8.9029759e-02  -4.1745323e-01   1.1671450e+00   1.6684123e+00
   2.0000000e+00  -2.0427726e+00   6.0059162e-01   8.0862223e-01  -1.5690611e+00  -4.6089226e-02  -5.0882626e-01   1.2231964e+00   4.7761662e-01  -4.8028570e-02  -2.2123078e-01
   2.0000000e+00   4.8348972e-01   4.8269323e-01   6.2150451e-01   1.7816302e-01  -1.4855448e+00  -8.2692032e-01  -1.5061884e+00   1.0084139e+00  -3.5795308e-01   4.3828388e-01
   1.0000000e+00  -1.3569549e-01  -1.8334995e+00   3.7498038e-01   2.6957877e-01   6.9422889e-01   1.7970534e-01   7.3738094e-01   1.0802390e+00  -5.7493535e-01  -2.4235922e+00
   2.0000000e+00  -1.4431861e+00  -4.9268569e-01  -3.9128637e+00   4.5574402e-01  -8.0691398e-01  -2.6787141e+00   1.6078421e-01   1.4996686e+00  -9.9657661e-01  -8.3235325e-01
   2.0000000e+00  -7.3243402e-01   6.1983378e-01   4.0115176e-01  -1.2336304e+00   2.2633794e-01  -1.6909577e+00   1.3536602e+00  -8.7270540e-01   5.1317966e-01  -1.5039362e+00
   1.0000000e+00  -3.1816774e-01  -3.5058523e-01   9.1872171e-02   1.4149126e+00   4.1588674e-01   6.4693238e-01   3.0516838e-01  -1.9081821e+00  -1.6274149e+00  -1.9773546e+00
   2.0000000e+00   6.5132092e-01   1.1297509e+00   1.2962681e+00   3.4012434e-01   6.7726866e-01  -8.9789502e-01  -4.6982377e-01  -9.3361227e-01  -2.3777790e-01  -3.0779024e-01
   2.0000000e+00   1.3517765e-01   6.5796268e-01   4.7443014e-01  -8.0009739e-01   3.6502953e-01  -1.9295528e-01  -4.0936709e-01  -1.4783359e+00   5.0879454e-01   4.7145019e-01
   2.0000000e+00   4.4393672e-01   6.1551442e-01  -7.9503632e-01   1.3204692e+00  -2.4092152e-01  -1.2484674e-01   8.2529145e-02  -7.4607001e-01   3.0199187e-02   5.3421336e-01
   2.0000000e+00   1.9377440e+00  -8.5454665e-02   6.6948550e-01  -1.3104812e+00   3.5707641e-01   8.8632452e-01  -7.1043002e-02   3.2893699e-01  -6.1720021e-01  -9.9960366e-01
   2.0000000e+00   5.9567694e-01   1.0357957e+00  -4.6478466e-01   9.2293935e-01   1.5642526e+00  -5.3523664e-01   2.7390714e+00  -7.7404678e-01  -3.8529664e-01   1.5930711e+00
   2.0000000e+00  -1.5075648e+00   4.1463612e-01   1.6417874e+00   6.5203449e-01  -1.1048776e+00   1.4143603e+00   5.6521968e-01  -9.9701582e-02   1.6808858e-01  -1.5029042e-01
   2.0000000e+00   2.6865095e-01  -9.0091349e-01  -8.2543466e-01   1.1295811e+00  -1.2316631e+00  -1.2945409e+00   1.3265851e+00   2.9336575e-01  -1.7716239e+00  -6.8052788e-01
   2.0000000e+00  -1.2335500e+00   1.1067380e+00   1.2015991e+00   1.2708855e+00   4.0324479e-01  -6.3739729e-01   6.3832471e-01   6.1504025e-01   2.1322023e-01  -1.6123686e+00
   2.0000000e+00   1.3799791e-01   4.6952260e-01   3.3551457e-01   4.9482047e-01   2.4449451e-01  -1.4336715e+00   3.5883153e-01  -1.1061576e+00  -5.6156946e-01  -2.3665424e-01
   2.0000000e+00   4.7502243e-02   1.7831681e-01  -7.2889624e-02  -2.9749876e-01   1.6490062e+00  -1.1761019e+00  -3.6382155e-02   3.4688814e-01  -1.1213817e+00   6.8542395e-01
   2.0000000e+00  -1.3077982e-01  -6.0463974e-02   7.6913562e-01  -2.3302000e-01  -1.4195572e+00  -1.1463845e+00   5.8447651e-01  -5.2791400e-01  -1.1009969e+00   1.2451923e+00
   2.0000000e+00  -1.2015598e+00  -4.1754255e-01  -1.2181649e+00   1.9909128e+00  -1.6989916e-01  -2.5155170e+00  -1.6123181e+00  -4.3383802e-01   1.2326554e+00   6.7333729e-01
   2.0000000e+00  -8.9178959e-01   2.2429834e-01  -5.3864810e-02  -7.5305540e-01  -3.5055257e-01  -1.3011920e+00   7.5149209e-01  -7.1878612e-01   4.2619995e-01   7.6696980e-01
   2.0000000e+00   3.7689592e-01  -2.1861069e-01   1.3340848e+00  -9.1457900e-01   8.8419269e-01   2.8939482e-01   1.1048592e+00   7.9821277e-01   3.0180877e-01   4.8421106e-01
   2.0000000e+00  -7.1506452e-01   4.9258060e-01   4.8696731e-01  -7.9434717e-01  -5.6752538e-02  -7.3774997e-01   3.3899444e-01   5.0499867e-01   6.3772187e-01  -1.3984275e+00
   2.0000000e+00  -8.1468082e-01   4.3641783e-01  -6.8718248e-01   2.7231925e-01   8.6544377e-01   1.1625423e+00   1.1854237e+00  -3.2472149e-01   1.5660913e+00   1.3491776e+00
   2.0000000e+00  -2.3222572e+00   1.7636272e+00   1.1509711e+00   1.7869927e+00  -1.8888707e+00  -3.7415328e-01   5.2603836e-02  -1.1029217e+00   1.6631942e-01   4.7604082e-01
   1.0000000e+00   3.5222112e-01  -3.4452748e-01   4.5193985e-01   5.4426104e-01   4.0798852e-01   2.3747784e-01   1.2996814e-01  -2.3408644e-01   1.4347749e+00  -6.0980475e-01
   2.0000000e+00  -1.5830993e+00  -2.2876368e-01  -8.2718473e-01   1.0143755e+00   1.7988180e+00  -2.4593562e-01   4.5899489e-01  -7.6696917e-01  -7.8676532e-01   1.0334299e+00
   2.0000000e+00  -2.1547203e+00   2.8175586e-01   8.7266929e-01  -7.4896559e-01   5.2879520e-01   1.1445718e+00   5.1279114e-01   4.0235213e-01  -4.5919363e-01   4.7405701e-01
   2.0000000e+00   2.2445704e+00   8.1637151e-01   6.2845447e-01   7.7905518e-01  -2.6481422e-01   1.1191196e+00  -8.8674869e-01   9.9958529e-01   3.4235698e-01   5.1377476e-01
   2.0000000e+00  -4.7619603e-01   4.6412736e-01  -1.0698038e+00  -1.6785518e-01   1.0016337e+00   2.5547840e+00  -6.5291594e-01   1.3662051e+00   1.9936374e+00   1.3525850e+00
   2.0000000e+00   3.4731433e-01   7.2200076e-01   1.0212884e+00   8.1698063e-01   1.7906505e+00   1.2190414e+00   1.4479336e+00  -1.6454527e+00   4.1219879e-01  -1.0754910e-01
   2.0000000e+00   3.2932644e-01   1.3630978e-01   7.4940807e-01   8.8971779e-01   7.7778191e-01  -2.2434950e-01  -1.6209215e+00   7.8242095e-01   1.0688811e+00   4.1464746e-01
   2.0000000e+00  -1.1680545e+00  -8.1676982e-01   1.2175230e+00   1.9637599e+00   1.3023585e+00   2.0165486e-01  -8.7493771e-03   1.3438714e+00   1.2649674e+00   9.3791883e-01
   2.0000000e+00  -6.2396928e-01   1.8899343e-01  -2.2980360e+00  -4.5070914e-01  -1.7008845e+00   8.9430681e-01   2.6654269e+00  -2.1201775e-01   3.3077031e-01   1.2037235e-01
   2.0000000e+00   5.9865895e-01  -8.0355407e-01  -6.8469784e-01   1.4180772e+00   2.1221278e-02   1.6047182e+00   4.6343758e-01  -8.5472375e-01  -1.0893105e+00  -6.6990612e-01
   2.0000000e+00   1.0294635e+00  -4.0971265e-01   2.1303325e-01   7.2893466e-01   9.4394649e-01   9.6726014e-01  -3.6632139e-01   9.4788816e-01  -7.4531052e-01  -9.0738970e-01
   2.0000000e+00   1.2208091e+00  -1.2604454e+00   8.0995623e-01   1.3163786e+00  -1.0527540e+00  -1.7136737e+00   6.5925158e-01   5.8297556e-01   1.8251688e+00  -3.7301319e-02
   1.0000000e+00  -8.6148583e-01   1.4844117e-01   5.2489688e-01  -4.0761479e-01   8.3720350e-01   3.6983745e-01  -8.7267758e-02  -3.5482101e-01  -1.1759201e+00  -3.2506525e-01
   2.0000000e+00   7.2291883e-01   5.6342207e-01   1.2115615e+00   1.8159549e-01  -1.3254557e+00  -1.7395623e+00  -9.6718171e-01  -2.5649663e-01  -1.9921151e+00   4.4370362e-02
   1.0000000e+00  -1.8255352e+00   1.0632415e+00   7.8269927e-02   1.9523396e+00   5.0777484e-01   1.0723283e-01   1.6839419e+00   1.0529148e+00  -3.2544901e-01  -1.3372781e+00
   2.0000000e+00   6.1271192e-01  -1.3887514e+00  -6.4548448e-01   3.2409955e-01   5.7537866e-01  -2.1129031e+00  -4.3730847e-01  -1.7429812e-01   2.5038658e-01   1.6706694e+00
   2.0000000e+00  -9.0666971e-01   1.3527557e-01   4.9807030e-01   7.1411079e-01   6.4458721e-01  -2.6093736e+00  -2.3869122e-01  -7.7111729e-01   7.9841649e-01   8.7645339e-01
   1.0000000e+00  -3.5271467e-01  -5.8377938e-01   1.5448811e-01  -1.3026360e+00  -1.7361473e+00   5.8650773e-01  -1.4106568e-01  -1.4905782e+00  -4.7374282e-01  -4.4754255e-01
   2.0000000e+00  -1.4779399e+00   1.2890476e+00   1.3881064e+00  -4.1442721e-01  -3.8671054e-01  -4.2275316e-01   5.9619301e-02  -1.9761724e-01   6.9713057e-01  -6.3744698e-01
   2.0000000e+00   2.5993510e-01  -5.8723474e-01  -2.2005538e+00   1.8351337e+00  -5.3163694e-01   5.3622437e-01   3.1711811e-01  -3.5524116e-01  -1.3661616e+00  -5.7442401e-02
   2.0000000e+00  -1.4293964e+00   1.8303415e-01  -1.2780490e+00   3.8879500e-01   1.2887696e+00   1.3455314e+00  -4.1565149e-01   8.1432468e-01  -6.5014774e-01   7.4223257e-01
   2.0000000e+00   3.3119398e-01   6.3219171e-01   1.8889888e+00   1.0398275e+00  -1.4251636e+00   4.4622698e-01  -3.6948837e-01  -1.9536411e-01   2.8056459e-01  -2.7047102e-01
   2.0000000e+00  -1.7033263e+00  -5.7656052e-01   1.3387054e+00   9.6129114e-01   9.9624811e-01  -1.2253132e+00   7.1463911e-01   5.3439047e-01  -5.7903454e-01   8.4364710e-01
   2.0000000e+00  -6.3213874e-02   6.6340708e-01   1.3140153e-01  -1.5601368e+00  -6.9226508e-01  -1.0830224e+00   4.9995501e-02   3.9605634e-01   1.3285153e+00  -8.8244752e-01
   2.0000000e+00   1.0706396e-01   4.9648005e-01  -1.8241606e+00   5.6259280e-01   1.2809638e+00   2.4188381e-01  -5.8756895e-01   1.7022334e-02   1.4082971e+00   4.9578325e-01
   1.0000000e+00   2.0492651e+00   3.8169908e-01  -3.2071674e-01  -1.4753389e+00   7.1631339e-02   7.1418888e-01  -8.2478441e-01   5.8412312e-01   6.3320881e-01  -3.5852393e-01
   2.0000000e+00  -2.0535213e-01   6.1920891e-01   2.4990852e-01   4.2233968e-01  -4.7223337e-01   1.6863239e+00   5.8846517e-01   6.7861014e-01   3.5041489e-01  -1.3279349e+00
   2.0000000e+00  -2.2339158e-01   6.5421275e-01   3.1951257e-01   3.1773326e-01   1.8209020e+00  -9.4322384e-02  -9.8824365e-03  -1.1136754e+00  -5.6215225e-01  -1.9333310e+00
   2.0000000e+00  -8.5547618e-01  -2.2605699e-02  -1.0175906e+00   7.8052272e-01  -4.2511465e-01  -1.1213156e+00   8.6893762e-01   3.1403821e-01   2.7127064e-01   2.0086776e+00
   2.0000000e+00  -1.0950027e+00   2.5855383e-01  -9.2161880e-01  -6.3911992e-01  -1.1451927e-01   2.6999868e-01  -1.0943396e+00   3.5997204e-01   8.3120089e-02   7.1012300e-01
   2.0000000e+00  -1.0951726e+00  -9.2629103e-01   4.2972918e-01   2.6019378e-01  -1.2916088e+00  -8.0620258e-01   4.7448876e-01   1.3612664e+00   8.2379615e-01   1.8389140e+00
   2.0000000e+00  -1.9344462e-01   7.4374935e-01  -6.6758503e-01  -5.4725839e-01   6.2734754e-01  -1.1004477e+00  -9.4088771e-01   2.7863772e-01  -5.9156009e-01   1.1536724e+00
   2.0000000e+00  -9.6670086e-03   3.6471331e-01  -1.0935756e+00   1.1414331e+00   2.5642998e-01   6.4657337e-01   5.4973317e-01   5.7132788e-01  -4.3418982e-01  -1.1081916e-01
   2.0000000e+00  -2.7197861e-02   1.3001816e+00  -1.5268677e+00   7.3331084e-01   1.4647457e-01  -6.7037096e-01   3.5601201e-02  -4.2604151e-01   3.7570424e-01   7.4578505e-01
   2.0000000e+00  -6.3352500e-02  -3.6260671e-01  -1.8077575e+00  -3.8462768e-01   5.5876718e-01   1.6215006e+00  -3.5912850e-01   6.8988965e-02   1.1784974e+00  -1.0567148e-01
   2.0000000e+00   8.6131397e-01  -3.1585762e-01  -2.0822387e+00   2.5291059e+00  -4.4634999e-01   4.4095309e-01   5.7312619e-01  -4.8531058e-01   1.5735875e-01  -1.5331356e+00
   1.0000000e+00  -1.1114414e+00   1.7877807e+00   2.5139282e-01   1.4512676e+00   9.0947864e-01   5.7780971e-01   2.0261393e-01  -1.5573994e+00   7.5246046e-01   1.5642909e+00
   2.0000000e+00   2.7414597e-01  -1.7517679e+00  -1.2867464e-01  -1.8397103e+00  -1.5585829e+00  -1.3547028e+00  -7.7954267e-01   1.0118615e+00   2.0873696e+00   3.6299072e-01
   2.0000000e+00   1.9066108e+00  -1.6245001e-01   1.1532980e-01  -1.4722691e-01   1.2141770e+00  -3.3974424e-01   1.9196619e+00   1.1134149e+00   9.4054219e-01   2.2163106e-01
   2.0000000e+00   1.2598745e+00  -1.8989339e+00  -2.9822675e-01  -2.0038895e+00   1.2888391e+00  -5.6776927e-01  -5.7825485e-01  -1.1974527e+00  -4.3883245e-01   5.6994385e-01
   2.0000000e+00  -8.3803584e-01   1.5982573e-01  -8.4727976e-01   1.1311888e+00   1.1816687e+00   9.3481819e-01  -2.2884381e-01  -1.1205913e+00  -2.0399447e-01  -6.8016100e-02
   2.0000000e+00  -2.9563160e-01  -6.3610079e-01   5.6517466e-02   1.5442135e+00  -9.1884399e-01  -9.6001889e-01   6.7268658e-01   9.6590997e-01  -3.5125520e-01  -3.2689508e-01
   2.0000000e+00  -1.6554314e-01   1.8619170e-01  -9.5680217e-01  -8.5062826e-01   7.3888210e-01   3.7441311e-01  -7.5407403e-01  -5.0899753e-01  -2.6725210e-01   3.2376969e+00
   2.0000000e+00   2.1641453e-01   1.3379433e+00  -5.8741202e-02   1.0040692e+00  -1.7120829e-01  -1.1135087e+00  -1.3871738e-01  -1.2340484e+00  -1.5844452e+00  -5.0277554e-01
   2.0000000e+00   1.0256282e+00  -2.2288018e-01   6.4292399e-01   9.7050358e-01  -6.5512524e-03  -5.1393280e-01   3.4303224e-01   1.0957523e+00  -6.0272963e-01   2.6795514e-01
   2.0000000e+00   7.5569366e-01  -5.3657153e-01   4.1064681e-02  -1.7583646e-02  -8.7506794e-01  -5.8797426e-01   4.6259786e-01  -1.4025218e-01   1.2544165e+00  -1.0297245e-01
   2.0000000e+00  -9.3778191e-01   3.2696378e-01  -1.0734584e+00   6.0183555e-01  -2.2844115e-02  -2.1546710e-01   3.4194540e-01   1.6473910e-01   1.6944860e+00   3.7774789e-01
   2.0000000e+00   1.4099370e+00  -6.0615063e-01  -3.3402940e+00  -1.2779456e+00   2.6598906e-01  -1.3430843e+00   1.2407520e-01   4.1851059e-01  -3.9922547e-02  -8.0723117e-01
   2.0000000e+00  -2.6609763e-01   2.2326604e-01  -7.2281619e-01  -1.7988950e+00   3.0790628e-01   2.2794588e+00   4.7625216e-01   2.9143690e-01   2.0599606e-01  -4.4310122e-01
   2.0000000e+00  -1.8395380e-01  -3.0665735e-01  -7.3422502e-01  -5.3256607e-01  -8.9536549e-01  -3.1229521e-01   5.0079746e-01   2.1460141e+00   1.9767005e-01  -1.0287527e+00
   2.0000000e+00   1.4830291e+00   2.1547113e+00  -7.4363793e-02  -6.0467062e-01  -1.0946443e+00   1.5839711e+00  -5.6814478e-02   3.1843178e+00  -5.7507162e-01  -5.7768253e-02
   1.0000000e+00  -1.4991968e+00  -1.1829640e-01   6.2492005e-02   2.2709024e-03  -1.7248285e-01   6.6334443e-01   3.4531122e-01   3.8653433e-01  -9.1235380e-01   5.3951287e-01
   2.0000000e+00  -6.5319447e-01   5.5846161e-01   1.1872247e+00  -1.3113751e+00  -2.8835654e+00   3.1188294e-01  -4.4188362e-01  -7.6811748e-02  -5.7528191e-01   1.6903593e+00
   2.0000000e+00   2.4800596e-02  -4.4213979e-02   1.4556188e+00  -6.5833596e-02   2.0641422e+00   1.4254745e+00  -1.7658633e+00  -4.1892992e-01  -1.4256535e+00  -6.3839427e-01
   1.0000000e+00   7.3793789e-01   1.1035866e+00   1.4449019e-01  -1.4981471e+00   7.0383393e-01   1.0537678e-01   1.2717564e-01  -1.1688853e+00  -5.8932628e-01   3.5079350e-01
   2.0000000e+00   5.1855726e-02  -1.0803163e+00  -4.2419860e-01   7.6207252e-01   1.3839539e+00  -8.0493273e-02   9.2902655e-01   8.2643877e-01  -6.1638642e-01  -2.0967888e+00
   2.0000000e+00   1.0232300e+00  -1.1240883e+00  -1.5373607e+00   1.1704084e+00  -2.0750778e+00  -1.1084441e+00  -1.6558077e+00  -6.3575457e-01  -2.0604285e-01  -3.3968367e-01
   2.0000000e+00   3.8784217e-01   2.6556393e-01  -4.5206116e-02   1.3533022e-01  -8.0649652e-01  -1.8893266e-02   1.1221718e+00   9.5383955e-01   1.1800582e+00   5.7908173e-01
   2.0000000e+00  -2.6785975e-01   8.2716986e-01  -1.2651993e+00   1.0791343e+00   1.1562503e-01  -1.9147621e+00   3.6042628e-01   9.0196249e-01  -1.7982733e+00  -2.0098840e-01
   1.0000000e+00  -6.6212926e-03   4.1278373e-01  -4.8570480e-01   8.3724778e-01   1.3373535e-01   2.4062949e-01   1.9755546e-01  -5.9401085e-01   1.0401549e-02  -1.9304728e+00
   2.0000000e+00   2.5841754e-01  -7.1648488e-01   1.6244776e+00  -1.9113867e-01   3.0380477e-02  -1.4311541e-01   1.5895457e+00   1.4634663e+00  -1.7237233e+00  -3.0765524e-02
   2.0000000e+00   9.9586963e-02   7.5251090e-01   1.0661571e+00  -9.5288105e-01   1.2755878e-01  -2.3924256e-01   7.1800512e-01   7.8762270e-01  -5.2950300e-01   1.9843731e+00
   2.0000000e+00   6.0609533e-01   7.8429081e-01  -1.6633896e+00   1.9189127e-01   1.6260947e+00  -5.2766947e-01   5.3519140e-01  -8.7877198e-01  -1.9055475e+00   7.1535461e-01
   2.0000000e+00  -6.7413975e-02  -1.3612795e+00  -1.9046967e+00  -2.8155997e-01  -8.7528579e-01  -1.8130649e-02  -9.6833230e-01  -1.3221940e+00  -1.1216471e+00   6.9684806e-01
   2.0000000e+00   8.3945510e-02  -6.0968371e-01  -9.4880064e-01  -1.3716985e+00   1.6546140e+00  -1.7534254e+00   3.8779645e-01   5.1049765e-01  -1.0916371e-01   1.6048916e+00
   1.0000000e+00   2.0167997e-01   1.5657092e+00   4.2249422e-01   1.6207621e-01   1.4313898e-01   4.3759115e-01  -1.9867458e-01  -5.2535591e-01   8.5192617e-01   1.5251566e+00
   2.0000000e+00   2.3992954e-01   6.3595888e-01   1.5160536e-01   9.1812320e-01  -5.3095371e-01  -1.2059379e+00  -1.2136369e+00   6.6379941e-01   1.8717568e-01   6.6933296e-01
   2.0000000e+00   6.3283633e-01   5.4429518e-01  -2.9043621e-01  -2.0419787e+00  -9.5271071e-01   1.9817380e-01   7.5529215e-01   1.0932495e+00   2.9253179e-01  -6.0952254e-01
   2.0000000e+00  -1.2590562e+00   2.6344575e-01   3.8700181e-01   1.1734675e+00  -7.7413730e-01  -1.2603354e+00   9.6663723e-01   2.7392439e+00   9.8640853e-01  -6.7888167e-01
   2.0000000e+00  -1.5681658e+00  -5.8286812e-01   1.9065978e+00   6.0301217e-02   1.1688675e+00   1.1191764e-01  -5.2936588e-01  -1.0023082e-01   6.5143541e-01   1.9162754e+00
   2.0000000e+00   6.6945586e-01   6.0887773e-01  -1.2351475e+00  -8.0582666e-01  -2.0504022e+00   5.4899587e-02   1.1636361e+00  -8.4837895e-01   6.6741854e-01   1.6485005e+00
   2.0000000e+00   2.9011637e-01   1.3730559e+00  -3.5110974e-01   8.7633633e-01   1.0856964e+00  -2.9542833e-01   4.9491953e-01   7.7338761e-01   6.7637581e-01  -1.3504383e+00
   2.0000000e+00  -3.7401038e-01  -3.0963976e-01   1.3099496e+00  -1.5663583e+00   9.8268667e-01   1.2183954e+00  -2.3155104e-01   2.6087298e-01   9.0939247e-01   2.1765928e-01
   2.0000000e+00   2.5718530e-01   4.3122943e-01  -1.2361128e+00  -5.4036878e-01  -1.8730219e+00   3.8622469e-01   1.9959761e+00  -9.1842036e-01  -1.7332917e+00  -1.2533101e+00
   2.0000000e+00   5.5228595e-01   1.2207561e-01  -1.3702427e+00  -1.6391381e+00  -1.0557816e+00  -2.3406435e-02   1.0530789e+00  -5.8013131e-01  -1.3429888e-01   3.1684902e-02
   1.0000000e+00  -1.3906122e+00   7.5378666e-01   8.2052093e-01  -5.9039545e-01   1.4813145e-01   2.0597184e-01  -4.3633283e-01  -2.1731257e-01  -1.0146767e+00   1.3721933e-01
   2.0000000e+00  -1.4188708e-01   5.9761285e-01   5.4771153e-01  -1.2726317e+00  -8.4465666e-02  -9.6043449e-01  -7.6316174e-01   4.2090807e-01  -6.5059722e-01  -5.2023906e-01
   1.0000000e+00  -4.1304018e-01  -4.9860522e-02  -2.1424928e-01   5.0042620e-01   2.3375180e+00   3.7614678e-01  -6.7044748e-01   3.1972179e-01  -5.7805953e-01   9.0334464e-01
   2.0000000e+00  -3.6008314e-01  -6.1431165e-01   3.2023578e-01   7.1524722e-01  -3.4246238e-01  -1.6293353e-01  -1.2102100e+00  -4.3674890e-01   1.7510312e-02  -1.4305499e+00
   2.0000000e+00  -1.2899228e+00   2.7874064e-01   1.4077908e-01   1.1296449e+00  -8.3732276e-01  -3.7457127e-01   2.1244572e+00   6.4540729e-01   2.9059245e-01   8.2181710e-01
   2.0000000e+00  -1.2306445e+00  -4.9266329e-01  -1.4116966e-01  -6.2369407e-01  -9.5816188e-01  -1.0078798e+00  -6.2101371e-01  -1.2086824e+00  -2.3198711e+00  -5.3823165e-01
   2.0000000e+00  -1.4475087e+00  -1.4923913e-01  -2.7161323e-02  -8.6926491e-01  -2.8006643e-01   9.4156092e-01   9.6960725e-01   5.8812898e-01   1.6042236e-01   3.4200352e-01
   2.0000000e+00  -2.8068788e-01   7.4097344e-01   9.8974400e-02  -1.5663503e-01   2.2366247e+00   1.0761936e+00  -9.3114174e-01  -9.0362942e-01   6.0770283e-01   1.1537773e+00
   1.0000000e+00   5.7909798e-01   1.5733680e+00  -4.9302983e-01   7.9116180e-01  -6.1377265e-01   3.5589088e-01   2.2371404e-01   6.1514642e-01   1.2415184e+00  -1.1477737e+00
   1.0000000e+00   2.8766562e-01  -1.0741985e+00   8.4170008e-01  -1.2823076e-01   9.5281356e-01   1.1165391e-01   1.7991452e+00   9.4390541e-01  -1.1179909e+00  -5.3014952e-01
   2.0000000e+00  -8.6875118e-01  -1.2252511e-01   1.4380997e+00   1.4281524e+00   8.5626528e-01  -2.0864886e+00  -1.6836677e-01   2.1010207e+00  -1.6308823e+00  -1.6917448e+00
   2.0000000e+00   6.5591929e-01  -6.8259103e-02  -1.1019867e+00   8.8883366e-01   2.6154887e-01   9.9165798e-01  -9.5861645e-02  -3.8837574e-01   7.4452738e-01   1.3214565e+00
   1.0000000e+00   6.8757489e-02   1.2401427e+00  -8.4092439e-01   1.1418726e+00   1.4856496e+00   1.2282321e-01  -7.6011349e-01   6.0873053e-01   1.4477373e+00  -5.8560030e-01
   2.0000000e+00   5.1621098e-02   8.5724804e-01  -9.5789870e-01  -1.2215760e+00   6.9877381e-01   7.1154910e-01   1.4920994e-01  -3.0189463e-01  -1.1844574e+00   8.1930329e-01
   2.0000000e+00   1.3762039e+00  -1.5399707e-01  -1.2257387e+00  -1.5738051e-01   4.5141428e-01  -7.8429794e-01  -1.2231092e+00   5.6933295e-01   6.4473065e-01   9.7181862e-01
   2.0000000e+00   2.5145040e-01   9.7706289e-01   6.3904061e-02  -1.7524036e-02  -8.8082098e-01  -1.1265732e+00   2.4611253e-01   1.4552608e-01  -5.5900174e-01  -5.2443256e-02
   2.0000000e+00   3.4149412e-01   2.1492792e-01  -2.0875778e+00   7.6131203e-01   1.4089388e+00   9.4420484e-01   8.4219339e-01   3.5203497e-01  -4.5125946e-01  -8.3267165e-01
   2.0000000e+00   4.0594890e-01   1.2393137e+00  -8.0304301e-02  -2.2512099e-01  -6.9868838e-01  -4.2277020e-01   1.6831221e-01  -6.9093418e-01  -1.4870527e+00  -1.3697603e+00
   2.0000000e+00   2.6767502e+00  -1.4171402e+00   7.7882510e-01  -3.2441457e-01  -9.1230051e-01  -2.0423645e+00   1.4848674e+00   1.1324394e+00  -4.2994335e-01  -1.5853120e+00
   2.0000000e+00  -1.7880483e+00  -5.9271946e-01  -7.3625454e-01   8.2400862e-01   2.6862519e+00   1.2427759e+00   3.4369123e-01   1.1139133e+00  -2.2148121e+00  -2.1513817e-01
   2.0000000e+00  -3.7166899e+00   3.8948461e-01  -9.9456874e-01  -4.4323254e-01  -1.1371567e+00   8.1964036e-01  -5.2560013e-01   9.0579684e-02   8.8753562e-01  -2.9126370e-03
   2.0000000e+00  -4.9616943e-01  -1.6436265e-01  -6.9438311e-02  -2.4095877e-01  -1.3852806e-01  -1.8630668e+00  -1.0983401e-01   3.7266705e-01  -7.6836176e-01  -1.2574962e+00
   2.0000000e+00  -1.0285308e+00   2.0362395e+00   8.7502577e-01  -6.6876402e-01   6.5597175e-01   1.0725161e+00  -1.3358421e+00  -1.3044260e+00   1.0228008e+00  -9.2885969e-01
   2.0000000e+00  -4.7388035e-01   1.0969904e-01  -7.5366895e-01   4.5505176e-01   7.4018531e-01   1.6003315e+00  -1.5724350e+00  -1.3476461e+00   4.5903489e-01   1.7817166e-01
   2.0000000e+00   3.6034322e-01  -6.1759263e-01   5.2324355e-01   2.6210547e-01  -1.9691061e+00  -5.8355885e-02   4.5270430e-01   4.4969053e-01   4.8122337e-01  -1.0629088e+00
   2.0000000e+00  -5.4682134e-01   9.0577656e-01  -1.6894809e+00   6.8421819e-01   2.5631312e-01   7.7657691e-03  -5.8240676e-02  -3.9444299e-02  -5.1476727e-01  -3.7324281e-02
   1.0000000e+00  -2.0285667e-01   4.9679662e-02   5.0760866e-01  -1.4966111e+00   1.3159708e+00   1.6489364e-01  -1.4389768e-04   1.6075040e+00   1.0432985e+00   2.7480472e-01
   2.0000000e+00  -6.5687514e-01  -2.2356828e-01  -8.0812479e-01  -1.5474439e+00  -5.9763457e-01  -2.0563573e+00  -3.8271120e-01   1.1703783e+00   4.9051353e-01  -8.6404021e-02
   1.0000000e+00  -8.3326849e-02  -4.4129606e-01   1.6493445e-01   5.5668401e-01   1.7486039e-01   6.8944180e-01   4.4502612e-01   1.0290603e+00   2.8377289e-01  -3.7856285e-01
   1.0000000e+00   1.0770319e+00  -6.6425833e-01   8.9188616e-03   9.0856659e-02   3.0467253e-01   4.8275222e-01   1.0758270e-01   3.0923017e-01   1.2252631e+00   4.3730076e-01
   2.0000000e+00  -3.2930187e-01  -2.2353326e+00  -3.6243416e-01   2.1601938e+00  -1.2587613e+00  -4.7629933e-01  -2.0477294e+00  -6.9588760e-01   5.6067369e-01   1.2103411e+00
   2.0000000e+00   2.5691406e-01  -1.0283613e+00   9.4188916e-01  -1.0885274e+00  -2.6624801e-01   1.1542903e+00  -3.6233907e-02   5.4993212e-02  -7.7086593e-01  -8.4231132e-01
   2.0000000e+00  -4.2876580e-01   9.3954569e-01  -1.7009911e+00   2.1183631e+00  -8.1237571e-01   7.4124036e-01   1.4382606e-01   5.1217012e-01   1.9494037e+00   1.6652514e+00
   2.0000000e+00   2.5464778e-02  -6.6947668e-02  -7.5620298e-01   1.3665417e+00   2.4302068e-03  -1.0643331e+00   2.6086440e+00  -5.9219055e-01   1.8602958e-01  -7.7022178e-01
   2.0000000e+00   8.9541819e-01   5.7265345e-01   2.2661109e+00  -7.7934734e-01   1.2841252e+00  -6.0126221e-01   7.6306020e-01  -1.7054471e-01  -1.6237993e+00  -3.3296230e-01
   2.0000000e+00  -3.7942410e-01   4.6495853e-01  -7.3658418e-01  -4.4809303e-01  -1.4821279e+00  -1.9538843e+00  -2.3806426e-01  -6.0200683e-02  -3.2293738e-02   3.9485239e-01
   2.0000000e+00   1.6761436e+00  -1.3651087e+00  -6.0462287e-01  -6.2964965e-01   8.5785532e-01   9.9331919e-01   1.0245997e+00   1.0760783e-01  -1.0747045e+00  -1.2328764e+00
   2.0000000e+00  -9.9781064e-01   9.2873521e-02   3.0596598e-01  -3.7056535e-01  -8.7568265e-01  -1.1337314e+00  -4.7256013e-02   2.6452483e-01   1.3755516e+00   3.2990518e-01
   2.0000000e+00  -6.9653430e-01   1.8331732e-01   1.9251860e+00  -1.5754089e+00   4.2104279e-01   8.5150272e-01  -2.3772537e-01  -1.0213333e+00  -7.1418004e-01   7.9285522e-01
   2.0000000e+00  -7.0816432e-01  -1.8342167e+00   5.4452057e-01   1.5164230e+00   6.0611099e-01  -1.9480902e-01  -6.7256528e-01  -3.8701190e-01  -3.7981687e-02   5.8977743e-01
   2.0000000e+00   9.6039052e-01  -3.0846960e-01   1.0349587e+00   9.0489624e-01   1.6869036e-01  -4.2734427e-01   1.5731222e+00   7.7602430e-01   1.8301685e+00   1.0686322e+00
   2.0000000e+00   1.6959113e+00   2.0980107e+00  -1.0115873e+00  -1.8275236e-01   1.0478808e+00   4.5280784e-01   1.7236107e+00  -1.2076913e+00  -2.4770742e-01   8.6013261e-01
   1.0000000e+00   1.6400129e+00   1.8695227e+00  -2.5476900e-01  -1.7645502e+00  -1.2648185e+00   4.1867893e-01   1.0078180e+00  -6.2429448e-01  -2.2036706e-01   9.4151402e-01
   2.0000000e+00  -1.1684387e-01   9.2588553e-01   2.3411605e+00  -1.2895406e-01   8.1033352e-01  -2.4311565e-01   1.1655513e-01  -1.8625933e+00   1.1133396e+00  -1.3491386e+00
   1.0000000e+00  -9.9907314e-01   9.6120581e-01   1.6452601e-01   1.1292742e+00  -7.4685547e-01   4.2432816e-01   2.7672506e-01   8.9799020e-01  -6.3274352e-01   2.7969901e-01
   2.0000000e+00  -1.6054741e+00   1.6357615e+00   5.6645342e-01   1.2866775e+00   7.1206111e-01   1.6675527e+00   8.1144356e-01  -3.0964962e-02  -9.0658199e-01   2.5304691e-01
   2.0000000e+00   8.2160010e-02  -5.5930192e-01   1.2420053e+00  -1.2775815e+00   1.4061475e-01   4.9220225e-02  -4.8447710e-01  -4.9004352e-01   1.0587968e-01   1.0975837e+00
   2.0000000e+00   4.8241941e-01  -5.7953792e-01  -1.9402152e-01  -7.9700133e-01  -1.2987194e+00  -6.4595112e-01   6.9354574e-01  -2.3518860e+00   3.3645361e-01   6.5237036e-01
   2.0000000e+00   4.4709625e-01   2.7020715e-01   9.8438763e-01   1.5621903e+00   9.7680181e-01   6.2302602e-01   8.8127648e-01  -1.2487349e+00   1.8941517e-01  -8.0796058e-01
   2.0000000e+00  -1.2346692e+00   1.1962401e+00  -1.2427850e+00   7.1401381e-02  -1.1193777e-01  -3.7262858e-01   5.1773618e-01  -7.6644294e-01  -4.0122998e-01   9.7523174e-01
   2.0000000e+00   1.2583773e+00  -2.4092374e-01  -6.0901281e-02  -1.6006946e-01   1.9670579e-01  -6.1383322e-01   1.3303197e+00   8.4246475e-01  -1.6612588e+00  -7.4077213e-01
   2.0000000e+00  -2.1100965e-01  -3.5842459e-01   5.0142753e-01   2.3260619e+00  -6.3683978e-01   8.1087051e-01  -1.4460100e+00   1.6427978e-01  -4.3623903e-01   7.5741936e-01
   1.0000000e+00  -1.8802832e+00  -1.6405750e-01   8.3639572e-01  -8.1142584e-01   4.5840460e-01   1.2971269e-01  -6.6573142e-01  -6.2148675e-01  -2.6626725e+00   2.6153955e+00
   2.0000000e+00  -1.3241715e+00   1.5007764e+00  -1.1874401e+00  -8.2384482e-01  -5.9703996e-01   1.6591554e+00  -1.1840631e+00  -8.9911312e-01   1.7211984e+00   1.7327289e+00
   2.0000000e+00  -6.7725594e-01  -1.5719985e+00   1.0640693e+00  -3.2236469e-02   2.5134274e+00   1.9651193e+00  -6.2398977e-02  -7.4208013e-01   2.2766584e-01  -2.7863320e+00
   2.0000000e+00   5.4963473e-01  -2.6346005e-01  -2.0383738e-01   5.9177306e-01  -2.5126940e-01   2.4803073e+00  -6.6208560e-02  -6.9033981e-01   9.9753811e-02   1.4311167e+00
   2.0000000e+00   2.4960999e-01  -2.4864965e-01  -1.6225039e-01   3.9960920e-01  -2.2243853e-01  -1.4844311e+00  -1.8567610e-01  -4.4933639e-01  -2.3519566e+00   1.3192661e+00
   2.0000000e+00   8.0893294e-01  -3.9555330e-01   6.3984908e-01   1.1072714e+00   1.3460169e+00  -9.5310355e-01   1.9066818e+00   4.6212815e-02   2.1539936e+00   4.6891102e-01
   1.0000000e+00   2.1234399e+00   6.5563629e-01  -6.4913987e-02   3.0481377e-01   3.8501988e-01   4.0635020e-01   2.4983105e-01  -8.5253738e-01  -9.3250666e-01  -2.3341625e-01
   2.0000000e+00  -1.2671437e+00  -7.8217444e-01  -4.6969004e-01   2.6621174e-01   7.3830443e-01  -2.6077554e-01   8.5978971e-01  -3.2694028e-02  -6.8362560e-01   3.2614219e-01
   2.0000000e+00  -1.1099573e+00   5.4321616e-01   2.0746765e+00  -7.3067102e-01   1.4188838e+00   7.8538282e-01  -2.4831862e+00  -2.4171461e-01   2.1346090e-01   6.8330429e-01
   2.0000000e+00   1.6983259e+00  -3.4014372e-01   7.7434255e-01  -9.1441474e-02   1.5337184e+00  -8.4564076e-01   4.5262999e-01  -7.2520451e-01   1.3424683e-01   1.2261442e+00
   2.0000000e+00  -4.1421160e-01   1.5459116e-01  -4.6093439e-02   1.2027494e-01   7.0814832e-01   1.0851817e+00  -3.0431118e-01   5.2077435e-01   5.6806173e-01  -1.0590584e+00
   2.0000000e+00   7.3483335e-01   8.2784019e-01   1.4748048e-01   1.9380737e+00   1.4929837e+00  -2.7854133e-01  -3.8186766e-01  -1.1174067e-01  -9.4293753e-01   4.8059163e-01
   2.0000000e+00  -1.8245315e+00  -1.3941626e+00  -6.6439859e-02  -9.9611802e-01   2.2058353e-01   1.5608760e+00  -8.0755276e-01   1.8561843e+00   1.3917477e-01   2.1581146e-01
   2.0000000e+00   2.7118708e-01  -1.0693274e+00   7.6842456e-01   1.4397610e+00  -7.1564939e-01   8.9087283e-01  -5.9663999e-01   2.7935647e-01   1.1337301e-02  -8.1401764e-02
   2.0000000e+00   5.7221605e-01  -5.1560778e-01   3.6197159e-01  -1.6756766e-01   1.6363558e+00   1.9067125e+00  -1.3416252e+00  -4.7330888e-01   1.2369812e-01  -2.0919732e+00
   2.0000000e+00  -1.3889664e-01  -1.6003492e+00  -3.8693797e-01  -1.4134016e-01   4.6428451e-01  -2.1873258e+00  -5.3741230e-01   6.2473227e-01   9.6837144e-01  -2.1219848e-01
   2.0000000e+00  -1.6690758e+00   1.2968486e+00  -9.2417276e-01   3.9664099e-02   5.8714108e-01   4.9316710e-01  -1.8784361e-01   3.8243788e-01  -6.0640777e-01   1.1069933e-01
   2.0000000e+00   8.1734483e-01   1.4008481e+00  -5.1587252e-01   3.3679315e-02   8.4637827e-01  -9.0097249e-02  -1.2798217e-01   2.5998120e+00   1.9779650e-01  -1.0295955e-01
   1.0000000e+00  -7.4696496e-01  -1.4893116e-01  -4.1863802e-01   2.1116297e-02  -5.6660659e-01   7.2905881e-01  -7.4924572e-01   1.2172793e+00  -2.5347916e+00  -1.1616392e+00
   1.0000000e+00   1.5079607e-01  -1.3418468e+00   5.5982715e-01  -6.1420584e-01   1.1076412e+00   4.1681836e-01  -1.0857142e+00  -6.5648152e-01  -1.0776305e-01   1.7260578e+00
   2.0000000e+00   1.5183959e+00  -2.7929412e-01  -1.3200302e+00   1.0977589e+00   1.4898886e+00  -2.3108082e-01  -1.9798985e-03   1.3202435e+00  -1.1771703e+00   2.4991278e+00
   2.0000000e+00  -8.0295539e-01  -2.0081165e+00   2.4377718e-01  -9.3954473e-01   1.5890467e-01   1.2343330e+00  -1.6802008e+00  -2.9091201e-01  -7.0986290e-01   7.0312715e-01
   2.0000000e+00   2.3321241e-01   4.3119102e-01   2.0045079e-01   6.3235147e-01  -6.1959247e-01  -2.1008721e+00   4.9010313e-01   1.5514681e+00   4.7932855e-01  -1.3020186e+00
   2.0000000e+00  -1.1687843e+00   1.0372669e+00  -5.5279417e-01  -4.7825236e-02  -5.8615662e-01   1.7641441e+00  -1.1798906e+00  -7.3270643e-01  -1.1180395e+00   6.7607975e-01
   2.0000000e+00  -7.4110092e-01  -1.4918998e+00   3.6467916e-01  -7.1197380e-01  -3.0129769e-01   9.8301068e-01   1.6508635e-02   3.5056429e-02  -7.0424063e-01  -6.3327388e-01
   2.0000000e+00  -1.5423209e-01  -1.2468388e+00  -1.2666087e+00   3.3945417e-01   1.3542504e-01  -1.0927557e+00   4.1189285e-01   1.3619277e-01  -1.0794590e+00  -8.2096288e-01
   2.0000000e+00  -7.9614016e-01   6.4788667e-01  -3.5390337e-02  -1.4301916e-01  -6.9631653e-01   9.0113178e-01   7.5158206e-01  -1.3197908e+00  -2.0533129e+00  -5.4097330e-03
   2.0000000e+00  -6.5662247e-01  -7.0936731e-02  -7.2418406e-04  -7.6822737e-01   1.8676013e-01   1.6695324e+00   1.2494931e-01   1.7762031e+00   6.6749031e-01  -5.9515302e-01
   1.0000000e+00   8.6700685e-01   1.2881437e+00   4.1339585e-01  -5.1426227e-01   8.9747284e-01   6.9211868e-01   1.4144334e+00  -1.3424080e+00  -1.2895820e+00  -9.1384474e-01
   2.0000000e+00   1.7503796e+00   9.0003470e-01  -1.1994310e+00  -4.7626173e-01   1.2257282e+00   1.1766092e+00   2.7504774e-01   2.3058409e-01  -5.6380963e-03   3.5571396e-01
   2.0000000e+00  -5.1922228e-01  -7.8496144e-01  -1.4312113e+00   7.0884239e-01   7.3674870e-01   1.0618944e+00  -4.2619857e-01  -6.1753641e-01   2.6230030e+00  -9.1852998e-01
   2.0000000e+00   1.2094917e+00   6.0020060e-01  -7.9084051e-01  -6.3265632e-02   1.3186718e-02  -1.0164035e+00   7.0675297e-01  -7.6140603e-01   2.8220237e-01  -1.5773919e+00
   2.0000000e+00   9.2052513e-01  -7.1170336e-01  -1.1661473e+00  -9.2148627e-01   1.8693267e-01  -4.4889533e-01   9.2638160e-01  -3.3984934e-01  -6.1547191e-01  -5.4736160e-01
   2.0000000e+00   1.2798144e+00   1.8418528e-01   8.5339963e-01   8.9854358e-01  -2.0240991e-01  -6.8289051e-01   9.8583401e-01   1.1380811e+00   1.2986519e+00   8.0818663e-01
   2.0000000e+00   7.1925508e-01  -2.7949764e-01  -1.0374209e+00   9.4323895e-01   5.4736726e-01  -8.3253422e-01   3.0468306e-01  -5.3661680e-02   1.2318574e+00  -6.3786956e-01
   2.0000000e+00  -5.8597036e-01  -1.4351641e+00  -5.3631009e-02  -1.3862191e+00  -9.7164605e-01  -3.0833059e-01  -1.6209056e-01   4.2413557e-01  -2.8652170e-01  -1.0666629e+00
   2.0000000e+00  -2.3578383e+00   5.2491883e-01   6.2105069e-01   1.3663494e+00  -1.5027878e-01  -2.3505598e+00   1.1789450e+00   1.1708522e-01   2.1866636e+00  -4.6360898e-01
   2.0000000e+00  -1.2391873e+00  -2.5278155e-01  -3.8788098e-02   6.1890541e-01  -9.0394962e-01  -8.8835172e-01  -3.3297008e-01   3.7060704e-01   3.8617612e-01   9.8348371e-01
   2.0000000e+00  -4.7193080e-01   3.0275908e-01  -2.0225794e+00  -3.1930436e-01   2.3045809e-01  -1.7756950e+00  -1.0684345e+00  -2.8382893e-01   7.6066968e-01   6.0530298e-01
   2.0000000e+00   1.0179493e-01  -1.5491628e-01   2.4352041e+00  -8.5154243e-02  -4.4733735e-01  -1.3880128e+00  -7.0326207e-01  -1.8850769e-01   2.3529331e+00   6.6707520e-01
   2.0000000e+00   7.2465314e-01   2.7247056e-01   1.1565984e+00   1.7534489e-01   3.3119801e-01  -6.2366308e-01   8.6532824e-01  -2.2410519e+00  -1.2587128e+00  -1.5554916e-01
   1.0000000e+00   1.8587015e+00  -5.0381462e-01  -2.3616510e-02   5.5075592e-01  -1.5097969e+00   4.7856374e-01   1.0447199e+00  -7.1015672e-01   1.8582524e+00   4.3359127e-02
   1.0000000e+00  -6.5203682e-01  -2.2200356e+00  -3.6009005e-02   6.5615216e-01   9.2166614e-01   6.4934199e-02   8.7476478e-01  -5.6287337e-01   1.9514577e-01   1.7348949e+00
   2.0000000e+00   1.0195666e+00  -5.4200215e-01  -4.9253862e-01  -6.4541912e-01  -1.0045673e+00  -1.9868789e-01  -9.1434900e-01   1.2102401e+00  -8.2195358e-02   6.3677679e-01
   2.0000000e+00  -7.4588913e-01   6.1567784e-01  -9.2615580e-01   7.0624549e-01   1.3675411e-01   4.7681739e-01  -6.8815170e-01  -8.2470107e-02  -5.1378279e-01   7.8879220e-02
   2.0000000e+00   7.3142933e-01  -1.5464026e-01  -1.1335751e+00  -5.5343828e-01   1.0849913e+00  -3.9311987e-01   2.0613289e-01  -2.0407582e+00   1.8013417e+00  -1.3960985e-01
   1.0000000e+00  -5.9684934e-02   2.1528415e-01   1.3484790e-01  -1.4353368e-01  -4.7548641e-01   6.4111775e-01  -5.8663954e-01   7.1665833e-01  -1.4044701e+00  -4.0608553e-01
   2.0000000e+00   6.1180548e-01  -9.2570677e-01   1.3527149e-02   1.4892518e+00   1.0480140e+00  -2.4103878e-01   8.5547551e-01  -1.7128070e+00   1.5522716e-02  -2.7748046e-01
   2.0000000e+00  -3.8380920e-01  -2.5410451e-01   3.7737375e-01  -1.1130530e+00   1.7186473e+00  -1.6972159e+00   6.1840804e-01   6.4481012e-01  -6.9070792e-01   3.4154880e-01
   2.0000000e+00  -1.1349010e+00   9.0849937e-03  -1.1845983e+00   1.4591317e+00   1.1470176e+00   7.0424175e-01   4.5705340e-01  -5.1611210e-01   1.2529853e+00  -6.8222001e-01
   2.0000000e+00  -3.4345948e-01   2.5616342e-01  -5.0965038e-01  -6.5669969e-01   2.2289931e-01  -1.8518173e+00   7.7644928e-01   2.1619258e-01  -3.2024631e-01  -2.1163479e-01
   2.0000000e+00   1.4495590e-02  -1.4870505e+00  -6.1763718e-01  -1.5286336e+00   1.7379070e+00  -4.2953509e-02   5.3499034e-01   2.4919822e-01   5.8117748e-01   7.2289417e-01
   2.0000000e+00  -1.4438244e+00   1.7554969e-01   8.4705915e-01  -7.0200999e-01  -8.3602197e-01   8.0913533e-01   4.7530855e-01  -7.7077338e-01  -1.6185309e+00  -1.3172235e+00
   2.0000000e+00  -4.0532981e-02  -6.1874204e-02   1.3865410e+00  -2.6900862e-01   1.2129150e+00  -1.3005732e+00   1.4497709e+00   8.5930072e-01   8.6046198e-01   1.7016242e-02
   1.0000000e+00  -1.9294196e+00   1.0597455e-01   2.9721397e-01  -1.3700717e-01  -7.5737888e-01   8.2036761e-01   8.0008796e-01   6.7584518e-01  -2.9225545e+00  -7.1256534e-01
   2.0000000e+00   2.6790094e-01   1.7499009e+00   3.9808986e-01   8.7819972e-01   6.8660732e-01  -1.1850941e+00   1.1157792e+00  -8.5848867e-01  -1.2985773e+00   9.6013552e-02
   1.0000000e+00   4.9874034e-01   4.2897924e-01  -2.2448765e-01   3.8063561e-01   2.3044039e-01   7.1391274e-01   4.7271720e-01  -6.3708223e-01  -3.0509821e-01   7.4998861e-01
   2.0000000e+00   7.8804490e-01  -8.5060325e-01  -7.4282411e-01  -1.3662520e+00  -7.0874169e-02  -6.2653690e-01  -8.3222026e-01   8.0472172e-01  -3.4797326e-01   1.1001457e-01
   1.0000000e+00   3.9068589e-01   9.0658117e-02  -3.3092833e-01  -1.7108505e+00   1.0545132e-01   1.3095386e-01  -1.3282227e+00   2.1031806e-01   1.2014274e+00   9.3680014e-02
   2.0000000e+00  -1.8819703e+00   1.1361925e+00   2.4237924e+00  -1.6587503e+00  -3.7867239e-01   3.5371192e-01  -2.4338815e+00   7.4652221e-01   1.0136279e+00  -1.0553095e+00
   2.0000000e+00  -7.4474459e-02  -5.2903308e-02  -1.2638585e+00   5.0246349e-01   2.4944242e-01  -2.1825892e+00   6.0247472e-01   5.0686925e-01  -1.6835893e+00   2.1423698e+00
   2.0000000e+00  -3.8784479e-01   3.4818314e-01   3.6435240e-01  -1.0422063e-01   8.8701957e-01  -2.0382176e-01  -1.9639936e+00  -1.9534172e-01  -8.3364735e-01   2.6558588e-01
   2.0000000e+00   1.0768286e+00   1.1987694e+00  -1.1023610e+00   2.3864262e+00  -1.4673274e-01  -3.8599795e-01  -1.1916835e+00   3.6868263e-01   1.3644403e+00  -2.4752646e-02
   2.0000000e+00  -1.0614411e+00  -2.4293880e+00  -2.3762952e+00   4.2567857e-01  -5.5834029e-01  -9.5135208e-01   3.5730734e-01   3.6904486e-01   2.9652027e-01   2.7367384e+00
   2.0000000e+00  -2.3335770e-01   7.2464372e-01  -4.9910018e-01  -2.3625444e-01   1.4897779e+00  -2.4664545e-01   1.6757469e-01   7.8744548e-01  -2.3528921e-01  -6.8557790e-01
   2.0000000e+00  -1.0164200e+00  -1.9881644e+00  -2.3569929e-01  -1.7487768e+00   7.2029874e-01   4.0319913e+00   1.1701533e+00  -5.0629519e-01   4.4667745e-01  -7.8592662e-01
   1.0000000e+00   1.3805214e-01  -1.7518965e+00   9.7962918e-02   9.3038813e-01   2.3478122e+00   3.7387191e-01   1.1441771e+00  -1.1771139e+00   7.2684246e-01   6.8217944e-01
   2.0000000e+00   1.3637219e+00   6.3838205e-01  -6.9416396e-01  -5.6287780e-01   1.5578037e+00   1.8821604e+00   9.2783982e-01  -1.3313888e+00   2.2521123e-01  -1.9513892e+00
   2.0000000e+00  -5.6478403e-01   4.5516625e-01  -1.6912163e+00   8.4519252e-02  -1.6103361e+00  -1.1547997e-01   1.4895061e+00   1.4662604e+00  -6.9272356e-01  -3.4583661e-01
   2.0000000e+00  -3.7855928e-01   2.3703557e-01  -1.3174869e+00   4.6144030e-01   1.5007180e+00   2.8341409e-01  -8.9004692e-01  -1.2095743e+00   1.8322538e+00   1.8556995e+00
   2.0000000e+00  -1.0075267e+00  -7.2667474e-01  -2.5901290e-01  -4.5898013e-02  -9.3120734e-01   1.0726506e+00  -4.2345253e-01   5.6638316e-01  -1.4264732e+00   8.1045244e-01
   2.0000000e+00  -8.6284786e-01  -1.4903843e-01  -5.8387664e-01  -1.0066679e+00  -2.8611108e-01   8.1753106e-01   6.3469601e-01   6.2256784e-02  -9.5356786e-01   1.6899096e+00
   2.0000000e+00  -2.5162139e+00   2.0653446e-02   4.0727041e-01  -3.6503725e-01   2.5052332e+00  -1.0289711e+00  -6.1618363e-02   1.6973397e-01  -8.4324580e-01   3.9722472e-01
   2.0000000e+00   6.8482664e-01  -1.6468079e+00   3.9479375e-01  -1.5457006e-01  -1.9570667e-01   9.0478300e-01   7.8096996e-02  -6.7969625e-01   2.6737861e-01  -1.5007801e+00
   2.0000000e+00   9.9886805e-01   2.2599225e-01  -5.2520068e-01  -2.6893595e-01  -1.0032293e+00  -1.0716148e+00   2.3641403e-01  -6.2092727e-01   6.4301644e-01  -7.6330424e-01
   2.0000000e+00  -1.5782005e+00  -5.8643691e-01   4.2244191e-01   4.9361177e-01   3.4491291e-01   1.4131250e+00  -1.8516877e+00  -2.5386691e-01  -8.0107310e-01   1.2311792e+00
   1.0000000e+00   1.1626485e+00  -1.4255575e+00   7.4095445e-01   1.4807728e+00  -1.8332304e+00   3.2497893e-01   9.3604005e-01   5.0143074e-01  -3.2784300e-01  -1.7964596e+00
   2.0000000e+00   8.1641435e-01   2.9754018e-02  -4.4410459e-01  -1.6507339e+00   9.8721931e-02  -1.6746630e-01  -2.1352439e+00   9.8663982e-01  -2.5364911e-01  -6.2913152e-02
   2.0000000e+00   2.8096485e-01  -5.7378455e-01   9.2643111e-01   4.8321806e-01  -4.3833155e-01  -1.4323140e+00   1.1865740e+00  -1.7952539e+00   7.2229890e-02   1.3509884e+00
   1.0000000e+00  -7.9703920e-01   9.0059032e-02  -2.5633906e-02  -6.9629647e-01  -1.0145247e+00   4.8623988e-02  -5.7247491e-02   3.4754573e-01  -6.0043769e-01   8.6056857e-01
   2.0000000e+00  -5.1626222e-01  -5.0285306e-01  -2.1425699e+00  -6.5823925e-01   7.2559451e-01  -6.5579596e-02  -1.9396181e+00   1.5755689e+00  -8.6636162e-02  -4.3966682e-01
   2.0000000e+00   1.2012419e+00   1.8075501e+00  -2.4661751e+00  -1.5422459e+00   1.1868785e+00  -1.7111003e-01   2.2845371e+00   9.5855845e-01   8.8921806e-01  -7.5672108e-01
   2.0000000e+00   1.4038456e+00  -3.9449189e-01   2.3650678e-01  -1.3428888e+00  -1.4678527e+00   1.7147418e+00  -6.2199477e-02  -1.1665782e-02  -1.6276430e+00  -2.5510641e+00
   2.0000000e+00  -1.7947808e+00   1.3717434e+00  -1.6900969e+00  -4.4960098e-01  -1.9903113e+00  -3.5051864e-01   2.1387574e-01  -1.9036326e+00   2.5138350e+00  -1.0692802e+00
   1.0000000e+00  -1.1409359e-01   3.2639395e-01   7.7977044e-01   3.7358101e-01   4.5865681e-02   6.0324391e-02  -2.8517539e-01  -1.4096554e+00  -1.7932601e+00   8.6624455e-01
   2.0000000e+00   4.7443646e-01  -3.2891725e-02  -5.5311770e-01  -4.5022749e-01  -9.4836803e-01  -4.8754689e-01  -1.5695560e+00  -5.0970938e-01   7.8885584e-01   6.0058612e-01
   2.0000000e+00  -3.6790201e-01   1.2183622e+00   5.6537007e-01  -2.0260803e+00   1.2871634e+00   5.7914935e-01  -9.4029330e-02  -1.9169909e+00   5.0185135e-01   1.4246285e+00
   1.0000000e+00   1.1327537e-01  -8.5034935e-02  -6.0840456e-01  -6.3390481e-02   4.7156341e-01   5.2880392e-01  -3.1519034e-01  -4.0997223e-01  -2.0929932e+00   2.0087260e-01
   2.0000000e+00  -3.1850162e-01   8.2070967e-01   7.0150260e-01   7.5005029e-01   1.1587017e+00  -2.8420257e-01  -5.5885446e-01   6.6437791e-01   4.4617737e-01  -1.3131038e-01
   2.0000000e+00  -4.0359590e-02   8.5238620e-01   4.5530499e-01  -5.7354606e-02  -3.7363749e-01  -1.0666998e+00  -1.0611986e+00  -1.0184595e-02  -9.3340439e-01   1.2621719e+00
   2.0000000e+00   1.2645068e+00   6.5946163e-01  -1.1722421e-01   1.2512743e+00   1.6840478e+00  -4.1128100e-01   1.8578802e-01  -9.0473179e-01  -2.4640936e-01  -6.1672140e-01
   2.0000000e+00   1.4301068e+00   1.8578692e-01   8.2845491e-02  -3.5737983e-01   7.2964829e-01  -1.5576540e-01  -2.7882372e+00   1.1487036e+00  -1.1755615e+00   8.9443541e-01
   2.0000000e+00  -4.2660569e-01   7.6614098e-01   1.6450478e+00   4.7869084e-01  -2.0463194e+00   1.7216168e+00  -9.0104074e-01   8.0936636e-01   5.1756445e-01   7.1314412e-02
   2.0000000e+00   1.5020450e+00   2.4741297e+00  -5.6522913e-02  -1.2606106e-01  -2.7631797e-01  -1.6771181e+00  -9.1945843e-01  -1.1789482e-02  -1.4477015e+00  -1.2008972e+00
   2.0000000e+00   6.3210379e-01   5.5930797e-01   4.8726755e-01  -1.0997593e+00  -1.3834969e+00  -1.6547757e-02  -1.8837989e-01   1.9339848e+00   1.8032833e-01  -9.5248006e-01
   2.0000000e+00   1.1430900e+00  -2.5874208e+00  -1.9496287e-01   1.1585372e+00  -2.6054135e+00  -6.9351177e-01  -3.6441753e-01  -3.3776331e-01   1.1846598e+00   7.8928758e-01
   2.0000000e+00  -6.0099298e-01  -1.5342360e+00   4.7412897e-02  -2.6834988e+00   4.3449114e-01   7.1522036e-01   1.3573574e+00   1.9428148e+00   6.3166716e-01  -1.9971968e+00
   1.0000000e+00   4.0064727e-01  -1.0441580e+00  -7.3318656e-01  -5.3816824e-01   6.3909929e-03   2.2667852e-01   4.3973682e-02  -1.4602094e+00   2.6359165e-01   9.9077108e-01
   2.0000000e+00  -6.7823260e-01  -6.7263979e-01  -1.5612068e+00   8.9833066e-03   2.0490796e-01   1.0522125e+00   2.9733763e-01  -1.0716267e+00  -8.3438361e-01  -1.3252533e+00
   2.0000000e+00  -5.2792815e-01   2.1130441e-01  -1.3559249e+00   4.5176462e-01   7.6733982e-01   1.0383142e-03   7.0094543e-01  -6.8910016e-01   5.2748348e-01  -1.0330446e+00
   2.0000000e+00   1.2957607e+00  -1.7649526e+00  -2.2446338e-01  -1.6289551e-01   5.4510054e-01  -9.4473895e-01   2.1440875e+00  -1.7988316e+00   1.9550081e+00  -3.1856513e-01
   2.0000000e+00  -2.7012305e-01  -4.4701303e-01  -6.4024340e-01  -2.0269526e+00  -1.4298767e+00   2.2187536e-01   2.1440784e-03   9.8259352e-01   1.8451183e-01  -9.3348183e-01
   1.0000000e+00   4.4985789e-01  -2.3565408e+00   6.3278860e-01  -1.5007084e+00   3.1712680e-01   9.6769008e-02   2.5686329e-01  -1.5826267e+00   4.6324254e-01  -1.4411517e-01
   1.0000000e+00   1.0604083e+00   1.1397653e-01   3.3547505e-01  -7.3951950e-01   1.6435685e-01   5.9520936e-01  -5.5810189e-01   1.4759649e+00   1.2009833e+00  -1.1243892e+00
   2.0000000e+00  -9.1338760e-01  -6.7617017e-01   1.5615108e-01  -3.5456240e-01  -2.6153332e-01  -4.6419388e-02  -1.1752446e+00   1.6519224e+00  -5.0827178e-01  -9.1199542e-02
   2.0000000e+00   7.2643867e-01  -2.0078213e+00   9.0100014e-01   6.3683769e-01  -7.4220863e-01  -9.7284843e-01  -7.1382024e-01  -6.9569214e-01   4.9145518e-01   3.9428318e-01
   2.0000000e+00   2.7711066e+00  -9.7547658e-01  -1.7390874e+00  -7.5225844e-01   7.8842054e-01  -1.7044014e-02   6.9046348e-01  -1.7744180e-01   4.6925358e-01   1.4095598e+00
   1.0000000e+00  -1.1277227e+00   1.7728760e+00   2.1302456e-01   5.0206653e-02  -4.1611977e-01   4.0979572e-02  -3.9955227e-01  -3.6570673e-01  -1.1356438e+00  -7.9790047e-01
   1.0000000e+00  -1.1466768e+00  -1.2471151e-01   8.7261404e-02  -3.2180639e-01  -5.7113684e-01   7.6602541e-01   6.9026442e-01   5.0002909e-01  -2.9055745e+00   3.5858349e-01
   2.0000000e+00   9.7365711e-01   7.9883386e-02  -1.9527828e+00   1.8264571e+00   2.5558042e-02   9.1230543e-01  -5.6033602e-01  -4.5207631e-01   5.7274449e-01  -1.3522243e+00
   2.0000000e+00  -6.4326866e-01   1.1500657e+00  -1.0715613e+00   6.0003802e-01  -2.7161018e-01  -1.6298306e+00  -1.2696258e+00   1.0910531e-01  -7.7688690e-01   1.1820027e+00
   2.0000000e+00   5.0905508e-01  -1.7066643e+00   1.7643228e+00   2.0344274e-01  -6.2546119e-01  -1.2272023e+00   3.1262227e-01  -1.6300541e+00   1.3205955e+00  -1.1640839e+00
   2.0000000e+00   2.8343754e-01   5.3153629e-01  -1.0978016e+00  -1.5938693e+00  -7.0175493e-01   6.0171222e-01   1.7524929e-01   1.2005765e+00  -1.0294640e+00   1.8346043e+00
   2.0000000e+00  -4.0785412e-01   2.6691167e+00  -2.7646414e-01  -1.0242959e+00   1.5798140e+00  -7.1260189e-01  -5.2815013e-01  -1.8597440e-01   9.3690395e-02  -1.1182553e+00
   2.0000000e+00   1.0867253e+00   1.0516953e+00  -1.5184737e+00   6.7322517e-01   1.5316836e+00   7.2900009e-01   1.6897733e+00  -2.5730182e-01   7.6841292e-01   5.9695038e-01
   2.0000000e+00   7.0210114e-01   1.4632582e+00  -4.6653108e-01   6.5187752e-01  -3.9788319e-01  -2.3983712e-01  -7.3810487e-01  -1.2417702e-01  -1.1257227e+00  -1.0632241e-01
   2.0000000e+00   4.8385447e-01  -3.5957781e-01   2.0117297e+00  -3.6087381e-01  -1.2387957e-01  -9.5617816e-01  -1.0426550e+00   1.4971750e+00   6.9438222e-01  -5.4524444e-01
   2.0000000e+00  -8.1385851e-01   3.7500982e-01  -9.0376833e-02   2.5208135e+00   1.3349532e-01  -6.9910984e-01   6.0760547e-01  -1.9594151e+00   3.5855560e-01   4.8885891e-01
   2.0000000e+00  -4.9231188e-01   5.2725761e-01   1.0722476e+00   1.2027035e+00   5.7708420e-03  -9.8524279e-01   1.5110826e+00  -4.1693794e-01  -1.7462581e-02  -1.5083205e+00
   1.0000000e+00  -3.6946954e-01  -2.0762629e-01   2.9315776e-02   6.0107053e-01  -4.3099132e-01   9.5870576e-02  -1.2184618e+00   6.6985574e-01   7.6471474e-01  -2.7881354e-01
   2.0000000e+00   7.2046808e-01  -5.2609524e-01   7.6850700e-01   6.4710461e-01  -7.6216131e-01  -1.2256172e+00   5.7870104e-01   2.1327928e+00   4.1467617e-01  -5.8299790e-01
   2.0000000e+00   7.7037885e-01   4.1126511e-01   5.7569296e-01   4.9829100e-01  -1.1184192e+00   1.1529843e+00  -1.6279993e+00  -6.7683888e-01   1.7472024e+00   1.7699628e+00
   2.0000000e+00  -1.0129329e+00  -2.4938144e-01   1.3281376e+00   1.9306139e-01  -9.7362640e-01   6.0617564e-01   7.3829409e-01  -4.0570127e-01   1.8232101e+00  -8.2655960e-01
   2.0000000e+00   8.0959294e-01  -3.1920754e-02  -1.3896685e+00   4.3112721e-02  -1.7714645e-01  -1.1837615e+00  -1.5971800e-02  -1.7127866e+00  -3.3628798e-01   1.7595579e+00
   2.0000000e+00   8.6866018e-01   1.5331319e+00  -1.8256442e+00  -1.4002842e-01  -8.0291256e-01   3.0296567e-01   2.2475686e-01   2.4837155e-01  -2.7659717e-01   5.7923990e-01
   2.0000000e+00   9.4651875e-01  -4.1975625e-01  -9.3627151e-01   6.7934759e-01   2.8602758e-01   7.7487347e-01   4.8049210e-01  -1.6509687e-02   7.3804998e-03   2.9712476e-01
   1.0000000e+00  -1.4574686e+00   5.6594533e-01   7.5598477e-01  -1.8473061e-01  -9.5989648e-02   2.6118125e-01  -1.2348924e+00  -1.1897699e+00  -4.7396247e-01   1.5061076e+00
   2.0000000e+00   3.1527787e-01  -8.7565870e-01   1.0375719e+00  -1.0884059e+00  -1.1556644e+00  -1.4504807e+00   2.7689565e-01  -3.7210424e-01  -2.7314385e-02  -9.7706830e-02
   2.0000000e+00  -2.7896256e-01   8.4957231e-01   1.3397683e+00   2.9116552e-01  -5.0394774e-01  -6.4104793e-01  -6.7982743e-02   1.6517222e+00  -1.4121283e+00   2.0570772e+00
   2.0000000e+00  -1.6933292e+00   1.1174882e+00   1.7989425e-01  -1.2719799e+00  -4.5544184e-02   9.4407150e-01   8.1890082e-01  -6.6588490e-01  -7.6136578e-01  -1.6831981e+00
   2.0000000e+00   2.9869824e-01  -1.2550050e+00  -2.1650805e+00   3.4337181e-01  -7.7699571e-01   2.8636707e+00   3.1137585e-01   1.1485959e+00   3.1586083e-01  -3.7311704e-01
   2.0000000e+00   6.7366673e-01  -2.2688253e-01  -1.9072942e+00  -1.6670819e-01   1.2320280e-01  -8.3086687e-01  -1.8571405e-01  -8.1028266e-01   1.6060926e+00  -1.2584526e+00
   2.0000000e+00  -2.6291100e+00   7.9523618e-01  -4.2965437e-01  -2.7910830e+00   1.0060988e+00  -9.5315303e-01   1.0289421e-01  -1.3317447e-01  -6.3625150e-01  -8.9266150e-01
   2.0000000e+00  -1.0268718e+00   1.2601330e-01   4.6071909e-01  -8.8125606e-01   3.1437880e-01  -2.7750396e-02  -1.3701564e+00  -1.5342661e+00  -2.6800939e-01  -5.4374976e-02
   2.0000000e+00  -1.4605856e+00  -4.7406948e-02  -9.1982975e-01  -2.3492068e+00   5.1431601e-01   2.2105747e+00   1.4715103e+00   4.5871051e-01   2.7344705e-01   3.7312743e-01
   2.0000000e+00  -5.1549146e-01   6.4240230e-02   3.5886368e-01   1.0752831e+00  -2.0476205e-01  -1.5296544e+00  -2.9007108e-01   8.3092168e-01  -3.0819361e-01   1.1388655e+00
   2.0000000e+00   1.9348357e-01  -1.1412935e-01  -2.3986276e-01   1.4038729e+00   5.8650046e-02   1.8020974e+00  -6.4496630e-01   1.0536615e+00  -5.0477133e-01  -1.3308597e-01
   1.0000000e+00   1.2099425e+00   1.8080220e-02   5.9042363e-01   3.6350246e-01  -9.0910593e-01   1.3229319e-01   2.1982889e-02  -2.8580061e-01  -8.1106233e-01  -3.6282582e-01
   1.0000000e+00   1.3054489e+00   3.1203125e-01   2.2965970e-01  -1.8049663e+00   1.5077347e+00   5.4710181e-01   1.9196548e+00   2.6341108e-01  -7.9426411e-02  -1.3348642e+00
   1.0000000e+00  -5.8466088e-01  -1.4324823e+00  -3.9725743e-01   5.2008949e-01   7.1163409e-01   3.8379064e-01   5.8429415e-01  -9.3383319e-01   9.1759561e-02   9.5469476e-01
   2.0000000e+00  -5.9591761e-01  -1.5667124e-01  -1.6947970e+00   1.8778954e+00   7.2392131e-01   1.1963845e+00  -6.4175436e-01  -1.0742126e+00   1.1867917e+00   6.5325794e-01
   2.0000000e+00   8.3300477e-01  -7.1530773e-02   1.0005486e+00   2.6104681e-01  -1.9343661e+00   1.0241062e+00  -1.3774092e-01   2.9258623e-01  -2.9671704e-02  -8.5190625e-01
   2.0000000e+00  -6.2885389e-01   8.9508181e-01  -7.3397088e-01  -1.7130476e+00  -1.5494779e-01   1.4653707e+00  -4.9413059e-01  -8.2080907e-01   3.3877176e-01   7.8515406e-01
   2.0000000e+00  -2.5456959e-01  -1.3654577e-01   4.9501199e-01  -2.6144837e-01  -2.2442795e+00  -2.0234080e-01  -1.2134146e-02   2.1461929e-01   1.0606989e+00  -7.0064968e-01
   2.0000000e+00  -2.6362032e-01   1.5575445e-02  -1.7900699e+00   1.2012038e+00  -1.3151275e+00  -3.8722915e-01  -2.9061515e-01  -8.4040285e-01   6.7678794e-01   9.2634334e-01
   2.0000000e+00  -2.2198297e+00   8.7852437e-01   5.9585963e-01   1.0067999e+00   1.1680249e+00  -8.2098382e-01   8.4736536e-01  -4.3738629e-01   1.2329741e+00  -7.4742355e-01
   2.0000000e+00   8.7883699e-01   3.2938576e-01   5.1734770e-01  -5.8607731e-01   5.6563111e-01  -3.6210384e-01  -6.3328889e-01   4.7006033e-01  -1.0517343e+00  -2.2623912e+00
   2.0000000e+00  -9.0435761e-01  -4.5634338e-01   1.1247592e+00   1.1603162e+00  -1.2858341e+00   5.9906185e-01  -1.1263522e+00   2.6596852e-01   1.0438733e+00  -6.8590133e-01
   2.0000000e+00   1.5037036e+00   1.1770466e+00   2.7588015e-03  -2.5693269e-03   1.1172737e+00  -2.5501235e-01  -1.7748564e-01   3.1506268e-01  -8.5413912e-01  -1.5472643e+00
   2.0000000e+00  -7.9734028e-01   1.1682437e+00   5.8723589e-01  -1.3991397e-01  -3.5396537e-01  -1.1549652e+00  -3.7378257e-02   5.6064076e-01   6.1698024e-01  -1.5258313e+00
   2.0000000e+00  -6.2342426e-01   1.3585321e+00  -6.1357293e-02  -2.2671964e-01   2.5361515e-01  -1.1809543e+00   1.9566872e+00   3.1368512e-01   2.0349016e-02  -1.3840465e+00
   1.0000000e+00   2.0117769e+00  -7.4317894e-01   4.0929908e-02   1.7295490e-01  -8.5443720e-01   3.2947768e-01   4.0412506e-03  -7.8463408e-01   4.5298451e-01   2.7533263e+00
   2.0000000e+00   1.2114274e+00  -1.1667225e+00   1.3590973e+00   2.8144223e-01   3.5237760e-01  -2.1054568e-01   1.9052003e+00  -5.4158403e-01   6.7531489e-01   4.6556842e-01
   2.0000000e+00   1.0054684e-01   2.1837556e+00  -8.0083359e-01  -5.0742237e-01   1.2688702e+00   9.7366681e-01  -1.0636988e+00   3.3112360e-01   5.5367085e-01  -1.1311456e-01
   2.0000000e+00   3.9945429e-02   2.2104878e+00  -1.4252291e+00   1.7809197e+00  -5.2314334e-01   1.5063312e+00  -4.3623298e-01  -5.9204159e-01  -1.1936116e+00  -6.9032635e-02
   1.0000000e+00   4.2505552e-01   8.9913257e-01  -3.0910885e-01  -1.1812972e+00   6.2895761e-01   7.9614113e-01  -1.8126410e+00   2.1991691e+00  -1.1601520e+00  -4.1293575e-01
   2.0000000e+00  -4.7342540e-01  -1.2821500e+00   1.7192694e+00  -6.2952897e-01  -1.0500694e+00  -1.7634697e+00   2.8779556e-01  -1.4277412e+00  -1.7574169e-02  -4.2493123e-01
   1.0000000e+00  -1.3364040e+00  -1.5445919e+00  -2.1146746e-01  -6.9104175e-01  -3.0068711e-01   4.4776695e-01  -8.8471680e-02   6.2149360e-02   3.4427294e-01   6.7758981e-01
   2.0000000e+00  -6.8707585e-01   1.1959291e+00  -1.6223508e+00  -1.0590582e+00  -1.0073171e-01  -2.6883038e-01   2.7517681e+00   5.5837081e-02   1.0418160e-01  -1.1488940e-01
   2.0000000e+00   2.4677921e-01   1.0088542e+00   1.0470546e+00  -1.5335557e+00   1.2780289e-01  -1.6060764e-01  -4.1279472e-01   2.5996145e-01   8.1096477e-01   2.3653111e+00
   2.0000000e+00   1.4921505e+00   8.5513282e-01   5.5895418e-01   1.9297296e+00  -1.5969613e-01  -4.6366304e-01  -1.5464865e+00   1.0025602e+00   9.4782932e-01   1.7742924e+00
   2.0000000e+00   1.0572983e+00  -6.7554511e-01   1.0244650e+00   3.5761289e-01  -5.8825289e-01   1.3935177e+00  -7.6135890e-01  -8.6410983e-01   2.4261787e-01   2.0674313e+00
   2.0000000e+00  -4.5963220e-01  -6.6894531e-01  -9.9966492e-01  -1.9579062e+00   9.0679622e-01   5.0208230e-01   1.1056819e+00  -1.0105730e+00  -4.5208441e-01   9.6039782e-01
   2.0000000e+00   1.9250916e+00  -9.2205783e-01  -4.2065062e-01   1.5500022e+00  -1.8622415e-01  -2.6677177e-01   3.5074458e-01  -2.4614677e-01   1.9342338e-01  -9.0270468e-01
   2.0000000e+00  -5.7831544e-01   8.8807769e-01   1.9523914e+00   3.6276566e-01   1.9368539e+00   2.8337752e-01   7.0457815e-02   5.7112153e-01   4.9685499e-01   2.7839343e-01
   2.0000000e+00  -9.0539826e-01   1.0239608e+00  -5.8031244e-01   1.1918832e+00  -3.7799755e-01  -4.9925354e-01  -2.1108140e+00   6.3584199e-02  -5.0744407e-01  -1.4609425e+00
   1.0000000e+00   2.8045871e+00  -4.2117461e-01   1.0614411e-01  -3.0181771e-01  -2.9811953e-01   1.8711979e-01  -1.0912957e-01   3.4419160e-01  -6.0830697e-01  -2.2129359e-01
