   2.0000000e+00   1.8013000e+00  -5.5553046e-01   9.2485319e-02   1.6303958e+00  -6.5395264e-01   7.5581747e-01   6.8883876e-01   9.6590957e-01   1.3019327e-01   5.3955509e-02
   2.0000000e+00   6.1109527e-02  -2.0512264e-01   1.0801053e+00  -1.3838825e+00   1.9456214e+00   4.5060813e-01  -4.7214437e-01  -3.5150579e-01  -2.4797849e-01  -7.9440740e-03
   2.0000000e+00   6.4066257e-01  -1.1693739e+00   3.6917455e-02  -9.7442315e-01   1.6087368e-01   2.2691263e+00   4.4870529e-01  -5.6246437e-01   4.0480901e-01   1.0638997e+00
   1.0000000e+00   2.2733368e-01   1.4323978e-01   5.6932108e-01   6.3972169e-01   7.8145926e-01   6.8319130e-01   1.5533522e-01   2.5362070e-01  -1.0704536e+00   1.1553511e-01
   2.0000000e+00   3.7163020e-01   1.5304837e+00   3.3975473e-01  -1.7092144e+00   9.5450417e-01  -4.1068788e-01   8.3269443e-01   1.1406391e+00   1.0135640e-01  -1.4494875e-02
   2.0000000e+00   1.5637746e+00  -1.2009991e-01   1.4140906e+00  -3.5375353e-02  -7.4490919e-02  -9.7374847e-01  -1.0867153e+00   8.3626734e-01  -7.5449957e-01   1.8793489e+00
   2.0000000e+00   1.3076599e+00   1.6702847e+00  -1.3040399e+00   1.2120463e+00  -1.1251215e+00  -3.9843115e-01   2.9107537e-01   1.8856950e-01  -4.9420352e-01   9.4280592e-01
   2.0000000e+00  -2.3763155e+00   6.3771901e-01   1.2495372e+00   2.1212144e+00  -1.1937529e-01   3.4276718e-03  -1.3584402e-02  -1.0566029e+00  -1.2394758e+00  -1.9062848e-01
   2.0000000e+00  -7.7769482e-01   9.5555708e-01   4.3798504e-01  -1.8152754e+00  -7.1906138e-01   3.0798896e-01   1.2059060e+00   1.3595218e+00  -3.9581734e-01   3.6717942e-01
   2.0000000e+00  -2.4112454e-01  -2.9061470e-02  -7.6042020e-01  -7.3476964e-01   7.3808339e-01  -6.8414214e-01   1.0900382e-02   7.0588734e-02   8.6084300e-01  -5.5662016e-01
   2.0000000e+00   1.0399400e+00  -4.0364946e-02  -1.5834915e+00   1.0559772e-01  -1.0806060e+00  -1.1878114e+00   1.0691768e+00   6.1573242e-01  -1.8060295e-01   2.1536322e+00
   2.0000000e+00  -4.2590172e-01  -2.9384447e-01   4.4566267e-01   1.5277497e-02   1.1327398e+00  -1.1803260e+00  -3.9531478e-01   1.1168257e+00   4.1907408e-01   9.6339330e-01
   1.0000000e+00   1.6101792e+00  -1.7209684e+00   8.0873978e-01  -1.9094970e-01   7.7336688e-01   5.0122798e-01  -1.1670933e+00   1.7733075e-01  -1.3358534e+00   1.6323343e-01
   1.0000000e+00   1.1348605e-01   2.4803844e-01   4.6406024e-01  -1.9797576e+00   9.6166090e-02   1.8251876e-02   5.0882397e-01  -3.8751949e-02   1.7039813e-01   1.6669817e-01
   2.0000000e+00  -2.1665972e+00   1.1442679e+00  -6.8418785e-01   1.8503158e-01  -8.9320057e-01  -7.3366113e-01  -6.0950304e-01  -7.2542813e-01  -1.5038140e-02   1.8221376e-01
   2.0000000e+00  -1.4969312e+00   6.4218331e-01   1.1452872e-01   3.6906664e-01  -7.1752819e-02   1.3227255e+00  -6.1291378e-01   1.6272897e+00  -7.4228471e-01  -1.2843979e+00
   1.0000000e+00  -1.4709095e-01   1.9546893e+00  -1.6023395e+00  -6.1569118e-01   5.3796498e-02  -1.1157039e-01  -1.4565279e+00   1.9876912e+00   1.3292032e+00  -2.0118842e-01
   2.0000000e+00  -5.3539643e-01  -1.1295367e+00   8.5558763e-02   1.0851158e+00  -1.1263900e+00  -2.4115093e-01  -1.6343220e+00   6.6155171e-01   9.7416246e-01  -1.3598938e+00
   1.0000000e+00   1.7062221e-01  -1.3491247e+00  -6.6296637e-01   1.0927768e+00   2.5612421e-01  -3.3591982e-01  -1.1330352e-01  -9.5361152e-01  -4.8078519e-01   3.8544444e-01
   2.0000000e+00   5.7658216e-01   9.4893274e-02   3.0798024e-01   1.4608935e-01   1.8050469e+00  -1.3940517e-01   1.3851155e-01  -5.9096521e-02   3.9108404e-01  -4.2776136e-01
   2.0000000e+00  -9.7300670e-01   1.1471662e+00  -2.2273141e-01  -7.9815834e-02  -1.4216614e+00  -1.1015692e+00  -8.2928860e-02   1.2162729e+00   7.1285758e-02  -4.1819355e-01
   2.0000000e+00   6.9483417e-01  -1.2700871e-01   5.3724855e-01   5.4495293e-01   5.6362076e-01   2.4315793e+00   2.3944907e-01  -1.7490769e+00  -1.0275740e+00  -2.2824927e+00
   2.0000000e+00  -1.3733046e+00   9.1150013e-02  -9.1210718e-01  -1.9919046e+00  -1.6010212e-01  -3.8712083e-01  -2.1787783e+00   1.2327899e-01  -9.6685489e-01   3.2593210e-01
   1.0000000e+00  -3.4697178e-01  -5.5638312e-01   2.8127197e-02   3.2649208e-01   3.5707690e-01   1.3161124e-01   6.7570286e-01  -4.1693550e-01   1.3681810e+00  -4.0313894e-01
   1.0000000e+00   5.5681767e-01   2.3326478e-01  -8.3249669e-01  -9.5976266e-01   6.7945168e-01  -1.2980549e+00   3.0066427e-01  -5.1312704e-01  -1.1534093e+00   2.7344828e-01
   1.0000000e+00  -1.2319594e+00   8.4152881e-02  -4.3260666e-01  -1.9056587e+00   3.5169168e-01   6.1301345e-01  -9.5047955e-02   1.3180032e+00   1.6189969e-01  -3.4606328e-01
   2.0000000e+00  -4.0988388e-01   1.9296875e-01  -3.9641574e-01   8.3751222e-01  -2.1419796e+00   5.7374029e-01  -8.4029430e-01   1.3063903e+00  -6.9193905e-02   5.3339269e-01
   2.0000000e+00   1.4422246e+00   1.3863184e+00  -7.0569746e-01  -1.2748240e-01   9.4893693e-01  -2.7002240e-01   4.3058967e-01   1.1757205e-02  -7.5369005e-01   5.6899230e-01
   1.0000000e+00   2.8424579e-01  -1.1073776e-01  -7.2253978e-01   2.7444111e-01   4.4345685e-01  -6.4346876e-01   1.2771541e+00  -8.4095415e-01  -1.1459814e+00  -2.1111121e-01
   2.0000000e+00  -1.2764630e+00   8.1223057e-02  -2.8618188e-01  -4.9457457e-01  -3.1856944e-01  -7.7562629e-01   5.6102116e-01   8.2423055e-01   6.5027081e-01   1.2741534e+00
   2.0000000e+00   2.2055588e-01  -6.4881283e-01  -2.6579717e-02  -8.8653154e-01   9.5003239e-01   2.2776001e+00   8.6730255e-01   1.0196331e-01  -4.0424868e-03  -1.0305813e+00
   2.0000000e+00  -9.6085497e-02  -1.5734190e+00   8.1648777e-01   5.3020415e-01   9.8411610e-01  -5.7889750e-01   2.4149098e+00  -7.2480653e-01   5.0833963e-01  -1.5029551e+00
   2.0000000e+00   1.1440032e+00  -1.0704649e+00   6.2652756e-01   2.2035366e-01   8.4734659e-01  -7.5086988e-01   1.0488880e+00  -2.3200844e+00   1.3472941e+00  -1.5966274e+00
   2.0000000e+00  -6.2256200e-01  -8.7068071e-01  -6.3445704e-01  -3.1488667e+00   1.0108526e+00   1.1468914e+00  -6.1208634e-01  -3.1372126e-01   4.8857808e-01   1.1640817e+00
   2.0000000e+00   6.2134160e-01   9.5864840e-01   1.4259623e+00  -6.9246014e-01   2.2018086e+00   8.3283247e-01   9.7591834e-01   6.3837004e-01  -2.3316160e+00  -8.2875685e-02
   2.0000000e+00   4.7157493e-05  -7.0326513e-02   9.7696682e-01   2.4101626e-01  -1.7287631e+00  -8.2733158e-01  -5.6713509e-01  -8.3366291e-01  -7.9157881e-01  -3.8957354e-01
   2.0000000e+00   7.4666707e-01   8.9425117e-02   1.2198291e+00  -2.6266380e-01  -3.8683458e-01  -3.4928140e-01  -2.0687444e-01   2.1139738e+00   1.9152259e-01  -6.3784681e-01
   2.0000000e+00   9.7169136e-01   1.0380376e+00  -9.3630825e-01   1.4394768e+00   3.1281455e-01  -1.2725381e+00  -1.1151701e+00  -4.3031761e-01  -1.2826106e+00  -1.9740255e+00
   1.0000000e+00  -1.6506452e+00   2.3077905e-01   1.2710523e+00  -1.1254105e+00   2.0470812e-01   2.8414373e-01   6.4198902e-01  -2.5976515e+00  -5.3726622e-01  -7.8177428e-01
   2.0000000e+00   3.9725741e-01   1.0700140e+00  -1.0346292e+00   4.2393383e-01   1.6829003e+00  -9.5699656e-01  -5.4343305e-02   1.4403444e+00  -2.4361804e-01   2.2077151e+00
   2.0000000e+00   1.5929105e+00   7.9394902e-01   1.8277059e+00  -1.0982041e-02  -1.7700000e+00  -1.7521115e+00   3.1475171e-01  -6.0533476e-01  -5.0622980e-01   3.9881602e-02
   2.0000000e+00  -3.1762396e-01   2.9560775e-01  -3.1971561e-01   5.3643531e-01  -9.2697361e-01   2.7810070e-01  -1.8351228e+00  -7.3534411e-02   2.0674565e-01   7.1156559e-01
   2.0000000e+00   1.0454192e-01   2.8651248e-01   9.8466831e-01   1.9021838e+00   3.0210008e-02   2.1004075e+00  -2.3039643e-03   8.1280797e-01  -6.6242267e-02   1.3253938e+00
   2.0000000e+00   2.4508726e+00  -5.7893856e-01   7.8771900e-01   1.6080118e+00  -4.9841277e-02  -3.5277903e-01  -6.7910318e-01   1.6630254e+00  -1.5377703e+00   4.2220252e-01
   2.0000000e+00  -1.0367936e-01   1.6014696e+00  -9.3363462e-01   1.2460023e+00  -7.0053749e-01  -5.3677759e-01  -4.0128952e-01  -3.7679974e-01  -8.0158416e-01   2.1844991e+00
   1.0000000e+00  -1.3134593e+00   1.6392613e-01  -8.8584731e-01   7.8006350e-01   1.4518652e-01   1.1462362e+00   4.5481915e-02   1.4804841e+00   3.5141267e-01   2.1813840e-01
   2.0000000e+00  -5.0051840e-01  -4.8811173e-01   3.3276964e-01   4.4480051e-02  -1.2534907e+00   6.1817827e-01   9.0030832e-01  -4.4617209e-02  -1.3053356e+00   1.8473034e+00
   2.0000000e+00  -3.6243265e-02   7.5155600e-01   2.9624589e-01   6.8133637e-01  -1.2636339e+00   1.3899072e-01  -3.1137972e-01   2.1467362e-01   1.2192726e-01  -1.0781626e+00
   2.0000000e+00   5.9935612e-01  -2.3840983e-01   3.6936926e-01  -3.7856561e-01   2.3318339e-01  -1.1322205e+00   2.1394537e-01  -4.2994570e-01  -1.6965213e+00   1.1844619e+00
   2.0000000e+00  -7.3780231e-01   1.6210047e+00  -4.8583708e-01   5.2114229e-01   7.3342316e-01  -1.0219534e+00  -6.3430627e-01  -4.2331823e-02   7.2406762e-01  -9.8128062e-01
   2.0000000e+00   2.7028546e-01   8.5478973e-01   2.2273369e-01   1.0914759e+00  -9.0635144e-01   3.8883797e-01  -1.4172028e+00   1.5281978e+00   9.6324218e-02   2.5761614e-02
   1.0000000e+00  -4.9133676e-01  -4.8277048e-01   2.7377066e-01  -8.9079478e-01   1.2804855e-01   5.5776550e-01   1.9715121e+00   1.1994960e+00  -1.9522615e-01  -8.5591235e-01
   2.0000000e+00   1.4301251e+00  -6.8587843e-03  -1.1326496e+00  -1.3027525e-01  -2.7149467e-01   1.8440283e+00   5.9086096e-01   1.0014838e+00   4.7397913e-01  -8.8060229e-01
   1.0000000e+00  -6.8355917e-02  -6.6799581e-01  -3.2014231e-01  -2.6912305e-01   3.3636586e-01  -1.1204555e+00   5.6208370e-01  -1.1056161e+00  -1.2406683e+00  -6.6230119e-01
   2.0000000e+00  -1.8461934e-01   1.5452209e+00   8.7980797e-01  -5.7051376e-01   9.9753247e-01   1.7480070e+00   1.5202018e+00  -8.0354113e-01   4.3593946e-01   6.4287475e-01
   2.0000000e+00  -4.3158361e-01   5.4297841e-02  -2.7887190e-01   2.2369843e-01  -1.1083720e+00   4.2046421e-01   8.4511204e-01  -7.1219453e-01  -6.7859618e-01  -5.5411754e-01
   2.0000000e+00   1.9910896e-01  -3.0762994e-01  -1.0269251e+00   9.9593244e-01   1.1453408e-01   2.7622923e-01   1.8740340e+00  -4.9920566e-01  -1.3783024e-01   1.6185683e+00
   2.0000000e+00  -2.9603898e-01   1.0111818e-01  -9.9774570e-02  -5.1797307e-01   5.7747190e-01   1.3396811e+00  -1.3804829e+00  -1.8468736e+00  -5.8939382e-01  -2.1070446e+00
   2.0000000e+00   1.3140645e+00  -2.1385822e-01  -8.6947924e-01   5.6719930e-01  -1.0909512e+00   4.1391908e-01  -7.9377368e-02  -2.5078995e+00  -8.1363477e-01  -7.3491416e-01
   2.0000000e+00   6.8450964e-01  -3.9186752e-01   1.0516845e+00  -2.7613117e-01  -3.9815159e-01   8.1118452e-01  -2.5087315e-01  -2.1464564e-01   7.4189754e-01  -1.0651609e+00
   1.0000000e+00   6.7231378e-02  -8.7100118e-02   9.5134833e-01   1.6664781e+00   4.6968086e-02  -5.2614412e-01  -5.3164265e-01  -4.4108550e-01   1.2278195e+00   6.6112476e-01
   2.0000000e+00  -2.7281064e-01  -4.3000727e-01   2.1987941e-01   6.9961426e-01  -4.4241775e-01  -6.3522974e-01   1.7896297e-01   2.0728510e+00  -7.8237506e-01  -4.7656077e-03
   2.0000000e+00   1.4048960e+00  -6.2790926e-01  -1.2078520e+00  -3.9776091e-01  -9.4288448e-01   3.8177714e-01  -9.4222771e-01  -2.2550556e-01   5.3406210e-01   4.1675678e-01
   2.0000000e+00  -1.2046288e+00   1.2078373e-01  -6.8155586e-01  -1.4021583e+00   5.5879428e-01  -1.5628356e+00  -4.3665767e-01   3.3917734e-01  -1.1527155e+00   8.1529961e-01
   2.0000000e+00  -5.9575456e-02  -7.1831500e-01   3.2366324e-01   4.4149129e-01  -8.7169972e-02  -1.0557535e+00   1.8594230e+00  -1.7838982e+00  -8.3836032e-01  -8.1372357e-01
   2.0000000e+00   3.4015272e-01  -4.3985347e-01   3.7962184e-01  -2.2032315e+00   1.5219638e-01  -9.5250805e-01  -1.3592876e-01   3.8835745e-01   2.3969825e-01   1.3567954e+00
   2.0000000e+00  -1.1045857e+00   1.0178789e+00  -1.5842676e-02  -5.8351564e-01  -5.3488304e-01  -1.4242908e-01   2.5654202e-01  -1.4742459e-01  -9.3722487e-01   1.2560732e-02
   2.0000000e+00   1.2350948e+00   1.1778728e-01   5.2629616e-01   1.0114433e+00  -1.4175913e+00  -8.4556269e-02  -1.6850179e+00   1.8828504e+00   1.0614644e+00  -7.1035172e-01
   2.0000000e+00  -4.5417707e-01  -5.4343607e-01  -4.6005351e-01   5.7732561e-01   1.5364723e+00   3.6822432e-02  -6.3947403e-01   1.5018010e-01   6.0932543e-01  -7.9747978e-01
   2.0000000e+00  -5.4975242e-01  -1.6526724e+00  -1.6252343e+00   1.5195077e+00  -6.0605866e-01  -2.8207125e-01  -1.2581899e-01  -7.6784325e-01  -8.9268001e-01   1.2128936e+00
   2.0000000e+00   3.5825301e-01  -5.7491971e-01  -1.2016448e-01   3.7276136e+00   1.1756697e+00   1.4407943e+00  -6.2645236e-01   1.3322801e+00   3.0468669e-03   2.4510686e+00
   2.0000000e+00   1.1738602e+00   5.8518338e-01  -1.0336081e+00   7.8940562e-01  -6.7630832e-01  -1.3779137e-01  -1.4969514e+00  -9.1812205e-01   1.5873417e-01   6.3887051e-01
   2.0000000e+00   4.2674992e-02   1.3794511e+00   1.0725674e+00  -1.5975399e+00   5.3263617e-01   1.8128070e+00   5.6965088e-01  -1.6638340e+00   1.3685405e+00  -7.7175886e-01
   2.0000000e+00  -1.4601382e+00  -7.9606242e-01  -1.0073362e-01   8.7676187e-01  -6.5579783e-01  -6.9446345e-01  -3.2750986e-01   3.8206732e-02  -1.2175175e+00  -9.7801675e-01
   2.0000000e+00   2.0818593e+00   6.1290663e-01  -1.5536035e-01   7.6963086e-01  -2.7206609e-01  -1.2563427e+00   1.7389424e-01   5.2863502e-01  -1.2529605e+00   1.4939801e+00
   2.0000000e+00  -1.2229868e-01  -5.8664325e-01   8.6205602e-01   4.1497293e-01   1.0300745e+00  -1.0929735e+00  -1.6392132e+00   2.6003117e-01   6.8206044e-01   1.1353641e-01
   2.0000000e+00  -5.9558606e-01  -3.1725204e-01  -5.1867596e-01  -1.7825443e+00  -1.0665913e-01   1.7292701e+00   1.8055246e+00   1.5713348e-01  -6.6767680e-01   1.5400539e+00
   2.0000000e+00   2.8569425e-01   6.3479341e-02  -1.6000248e+00  -9.4284140e-01   5.2937428e-01  -1.0965598e+00   5.6816540e-01  -2.0991800e+00  -1.9911164e+00  -2.1879062e+00
   2.0000000e+00  -1.2026579e+00  -5.2610907e-01   3.9293269e-01  -1.9197750e+00   1.5138207e+00   1.1026056e+00   6.4996889e-01  -5.2119134e-01  -1.1503932e+00  -2.7323463e-01
   2.0000000e+00   7.0022978e-01   1.0385414e+00  -1.6239579e-01  -9.1253116e-01   1.0621324e+00   1.9352350e+00  -7.2221902e-01   3.4724408e-01  -1.1956725e+00  -7.1831122e-01
   2.0000000e+00  -5.7549469e-02  -2.3272939e+00  -1.1812770e+00   5.1048981e-02  -1.0000571e-01   1.2576366e+00  -1.6448244e-01   1.0580141e+00  -6.9467634e-01   2.5947466e+00
   2.0000000e+00  -3.4263440e-02   1.0732618e+00   2.6165013e-01   1.2217873e-01  -7.4572431e-01  -2.1618098e-02  -7.9027987e-01   1.5991551e+00   3.9469302e-01   5.7818900e-01
   2.0000000e+00   9.9260256e-01   1.1488034e+00  -3.0684976e-01  -1.1943392e+00  -2.3491345e+00  -1.1183361e-01   1.5083245e+00  -1.5429555e-01  -1.0825062e+00  -1.6367374e+00
   2.0000000e+00   4.1756729e-01  -8.5314752e-01  -5.7232467e-01  -7.0215338e-02  -4.4176134e-01  -7.7995627e-01   2.6952689e-02   1.2692543e+00  -2.2075346e+00  -4.7407928e-01
   2.0000000e+00   9.4448742e-01   7.0284145e-01  -1.2773553e+00  -2.6605611e-01   1.0254476e+00   2.8632001e-01  -1.4426800e+00   1.1606007e+00  -4.3150433e-01  -7.1339886e-01
   2.0000000e+00  -1.4178372e+00   1.8464434e+00  -1.3895212e+00   5.9824287e-01  -2.0667000e+00   3.0967117e-01   2.1994847e-01   4.0295459e-01  -2.9221367e-01   1.0104392e+00
   1.0000000e+00  -6.2922241e-01   3.9048573e-01  -1.8928759e+00  -8.4002154e-01   4.0684137e-01   1.9762709e+00  -1.1158074e+00   1.1689662e-01   2.6610275e-01  -5.4786515e-01
   2.0000000e+00   1.6442660e+00  -9.4347809e-01   3.1296360e-01  -5.7159673e-01  -4.7060413e-01  -1.2526891e+00   8.9648451e-02   4.6829369e-01   2.9472316e-01  -3.8346858e-01
   1.0000000e+00  -2.1832926e-01  -9.6914664e-01  -3.4956662e-01  -1.2852227e+00   2.2310150e-01  -3.3449239e-02   6.7708248e-01   1.9714550e+00   1.1350806e+00   3.5045714e-01
   2.0000000e+00  -1.4921973e+00  -6.3689661e-01  -1.0087919e+00   1.5121266e+00  -5.2585873e-01  -8.4167308e-01  -1.9083668e-01   1.0299496e+00   1.1806962e+00  -2.1543420e+00
   2.0000000e+00  -2.1718167e-01  -1.0867443e+00   1.0580403e-01   7.4539109e-03  -7.8167993e-01   3.1981873e-01  -1.3481796e+00   1.0133151e+00  -9.3105604e-01  -3.7893121e-01
   2.0000000e+00  -1.5059016e-01   1.9361730e-01   5.3978843e-01  -6.0855888e-02  -2.7564757e-01  -3.9922934e-01   1.1875149e+00   8.5719152e-01   1.0861273e+00  -1.3512823e+00
   2.0000000e+00   1.0875223e+00   7.6775255e-01  -4.0556218e-01   3.0750307e-01  -3.2738863e-01   1.1028413e+00  -5.3983428e-01  -1.3043644e-01   2.4854132e-01  -6.0661632e-01
   2.0000000e+00  -1.6596985e-01   4.7139832e-01   6.8631546e-01  -1.0538802e+00  -6.1354593e-01   4.0803408e-01  -4.2783941e-01  -6.8221454e-01  -8.2104011e-01  -1.2009435e+00
   2.0000000e+00   1.3650446e+00   5.7216902e-01  -2.0445363e+00   3.5800421e-02   9.2714204e-01   8.5539122e-01  -9.0257641e-01  -8.6049724e-01  -6.9378366e-01   1.7444368e+00
   2.0000000e+00   2.3060041e-01   2.7097867e-02  -2.2814854e+00   1.3602673e+00  -1.0444264e+00  -5.2327513e-02  -6.8820513e-01   6.5937208e-01  -1.2975116e+00  -1.1200862e+00
   2.0000000e+00  -8.4629538e-01   3.4849167e-01  -4.3166800e-01   2.1422883e-01  -1.2779701e-01  -1.3731709e-01   1.5270117e+00   5.3093567e-01   6.3613984e-02  -1.1745843e+00
   2.0000000e+00   1.4508899e+00   9.3890245e-01   7.9053181e-01  -1.6298501e-01  -1.5171291e+00   1.2713506e+00   2.2867374e-01  -6.2244508e-01  -3.2259609e-01  -2.6679799e+00
   2.0000000e+00  -1.1916044e+00  -8.4140341e-01  -1.5891050e-02   4.7359557e-01   1.7553530e+00   7.1165721e-01  -3.6784551e-01  -3.0976399e-01   1.2851745e+00  -1.4447235e+00
   2.0000000e+00   2.1509459e-01   1.5032851e+00   1.7200562e+00  -1.2667543e+00  -7.6716117e-01   3.1211801e-01  -1.0007420e+00  -1.5128989e+00   1.1333298e-01  -1.2445934e+00
   2.0000000e+00  -5.1608941e-01  -4.1437860e-01   1.1083189e+00  -3.0046157e-01   9.4492013e-01   1.5339873e+00  -2.6124309e-01  -3.2618834e-01   1.5228740e-01  -2.8418201e-01
   2.0000000e+00   1.5834203e+00  -8.7480672e-01  -2.0720770e-02  -3.5827656e-01  -5.5117522e-01  -4.4054267e-01  -3.6296225e-01  -9.0685994e-01  -9.5713192e-02   3.7191825e-01
   2.0000000e+00   5.7904276e-01  -1.5620796e+00  -9.8495370e-01   5.4581702e-01  -1.5169936e+00   6.5617679e-01   1.2948319e-01   9.7493623e-01  -1.0369969e+00   3.6700827e-01
   2.0000000e+00   6.1885320e-01   1.9408706e+00   1.0741974e+00  -2.7077731e-02  -4.7801882e-01  -6.8577932e-01   5.7175823e-01   2.1242776e+00   1.1398704e+00   4.6973155e-01
   2.0000000e+00  -7.1765481e-01   2.2535169e-01   8.4468367e-01   7.0212308e-01   6.2052242e-01   2.3433239e-01   9.4817875e-01   5.6932889e-02   1.3009581e+00   2.5586474e+00
   1.0000000e+00  -5.5489965e-02   2.6788011e-02   1.5886627e+00  -8.4725956e-01   1.5696145e-01   1.2597935e+00   6.6263715e-01   5.0983079e-01   1.5039262e+00   7.9163561e-02
   2.0000000e+00   2.0341287e+00  -1.3095762e+00   1.1749764e+00  -1.3688881e+00  -1.3612089e+00   1.0470216e+00   1.8404005e-01  -6.6509139e-01  -9.3633372e-01   9.6824443e-01
   2.0000000e+00   1.2090749e+00   1.3122886e+00   1.9945858e+00   8.2713950e-01  -9.5553455e-01  -1.0926646e-01   1.1752419e+00   9.6955133e-01  -2.0005947e-01   1.1115202e+00
   2.0000000e+00  -1.9050268e-01  -2.5714767e+00   6.8166791e-01  -1.0463339e+00   1.3474377e+00  -1.3534569e+00   6.5210033e-01  -2.0917178e-01   1.6812346e-01   1.0236913e+00
   2.0000000e+00   3.4786229e-01  -1.8567051e+00  -3.8091715e-01  -5.7053319e-01  -5.0512514e-02   1.2960029e+00   6.7548511e-01   1.0361185e-01  -7.8376158e-02   4.2255286e-01
   2.0000000e+00  -9.0366374e-01   1.2046523e+00  -1.0305727e+00  -3.4552620e-01   6.0026137e-01  -1.4350335e-01  -1.6424408e-01   1.2998480e+00  -1.0685489e+00  -1.8038864e+00
   1.0000000e+00  -4.7763567e-01  -9.2758992e-01   2.9567113e-01  -1.1687057e+00   2.9779777e-01   7.3925905e-01  -1.1611721e+00  -8.6536535e-02   3.3062569e-01  -5.0576940e-01
   2.0000000e+00  -1.0604432e+00   8.4281172e-01   7.8666085e-01   5.1192359e-01  -8.8064722e-01   7.3593167e-01   3.3824455e-01   4.6532398e-01   1.4958754e+00  -6.7460371e-01
   2.0000000e+00   5.1321913e-01  -7.8763533e-01   6.5831513e-01  -7.6408133e-01  -1.4089021e+00   7.8844600e-01   1.2101345e+00   8.0519407e-01   5.7796213e-01   1.9518173e-01
   2.0000000e+00   7.8112688e-01   9.8473794e-01  -3.3834437e-01   7.4885513e-01   5.8369915e-01   2.1574545e-01  -1.0176364e-01   6.5778388e-01   3.4683638e-01   8.9622410e-01
   2.0000000e+00  -4.6443262e-01  -1.0702556e+00  -1.9402781e+00  -1.7126880e+00  -3.8288436e-01   1.5487786e+00   4.9921338e-01  -9.8193343e-01   1.3120909e+00  -2.0509885e-01
   2.0000000e+00  -1.2497926e+00  -3.9229058e-02  -2.0723597e+00  -4.6698965e-01   1.1834982e-01   1.1898885e-01   5.8055282e-01   8.0857226e-01   8.8585011e-01   1.5195755e+00
   2.0000000e+00   1.2510683e+00  -2.9610605e-01   1.1662729e+00   2.3381040e+00   1.0235231e+00   6.1397535e-01  -3.6524519e-02   6.3216280e-02  -1.2149743e+00   1.6947044e+00
   2.0000000e+00   1.3796501e+00  -4.0052956e-01  -1.4795670e+00  -1.9044412e-01  -6.9723090e-01   6.6298181e-01   5.2984338e-01   3.9420763e-01   1.3796416e+00  -1.4678978e-02
   2.0000000e+00  -1.9232145e+00  -1.7262494e+00  -1.2579627e+00   3.3163307e-01  -8.0444219e-01  -9.4477533e-02  -6.1928271e-01   2.3776649e-01  -8.6613362e-02   1.1207678e+00
   2.0000000e+00  -7.1621422e-01   1.8689453e+00  -7.6902313e-02  -7.2873913e-01   1.1613021e+00  -4.6185935e-01  -1.9463882e+00  -7.0887182e-01   4.3701890e-01  -8.7855665e-01
   2.0000000e+00  -1.4858115e-01  -1.4842107e+00   1.0602586e+00   1.6493066e-01   1.7100541e+00  -5.4731270e-01   6.7811455e-01   6.6824503e-01  -3.5828055e-01   1.3803182e+00
   2.0000000e+00  -7.7479959e-01  -4.0479737e-01  -8.5149478e-01   2.3231986e-01  -3.6717280e-01   1.6236874e+00  -1.1606198e+00   7.6070780e-02   3.5535413e-01  -1.3805535e+00
   2.0000000e+00   1.2975085e+00   1.0649816e+00  -1.9345288e+00  -6.1911034e-01  -9.9511236e-02   1.1577210e+00  -1.4784438e-01  -3.2375859e-01   1.4770627e+00  -1.3860947e+00
   2.0000000e+00   2.0269447e+00   1.0643301e+00  -8.5639706e-01  -9.0650185e-01  -1.6733983e-01  -5.5323117e-01   5.1626635e-01  -6.9561126e-01  -1.1609608e+00   9.1209472e-01
   2.0000000e+00  -3.0214030e-01  -2.0984297e+00  -4.2914406e-01   3.0700196e-01   1.3833724e+00  -2.1436717e+00   8.3515078e-01   1.5946129e+00   4.5757627e-01  -3.0015572e-01
   2.0000000e+00  -4.8031093e-01   2.5666474e-01  -1.3807101e-01  -7.8393669e-02   1.4198048e-01   6.9964082e-01  -9.3065651e-01   2.8912046e-01  -2.5417348e-01   1.2262995e+00
   2.0000000e+00   2.0614562e+00  -1.0482584e+00  -2.9339644e-01  -2.7327604e-01   8.4424525e-01  -6.1666012e-01   1.5362617e+00   1.2899044e+00   3.6164664e-01  -1.8331459e+00
   2.0000000e+00   6.4303305e-01   1.6349391e-01   1.0680850e+00   1.4250610e+00   3.6985251e-01   8.2545047e-01   6.5288295e-01  -1.4306662e+00   4.8720505e-01  -1.6952865e+00
   1.0000000e+00   1.0513757e+00   2.4387402e-01  -3.7062927e-01  -3.1009385e-01   5.3051201e-01  -2.5298968e-01  -1.6377078e-01   1.8312812e-01   3.9244131e-01  -4.4580203e-01
   2.0000000e+00   2.8419423e-01  -1.3433180e+00  -4.7478857e-01  -6.3119431e-01   1.3489635e+00   3.8662142e-01  -8.2641844e-02  -8.0025203e-02  -1.0302463e+00   5.2866699e-01
   2.0000000e+00  -4.0800494e-01   4.0157198e-01  -6.4344238e-01   2.9271482e-01   1.8671750e-01   6.6271995e-01  -3.3710018e-01  -5.3065372e-01  -7.9065430e-01   1.9790481e+00
   2.0000000e+00  -6.0913680e-01   4.3075649e-01  -2.7070225e+00   1.1129722e+00   6.5352602e-01  -1.9171275e+00   1.0549442e+00  -6.3522089e-01   8.7724260e-02  -3.0827374e-01
   2.0000000e+00   7.6610829e-02   3.8065854e-01   1.4864423e-01  -4.0486425e-01   9.5538670e-01   2.8640254e-01  -1.6809498e+00  -7.8204719e-01   4.1129805e-01  -5.5223564e-01
   2.0000000e+00   1.6201684e+00   2.2512717e-01  -4.0272773e-01  -5.2877290e-01  -1.8983114e-03   4.1090933e-02   1.1970997e-01   2.7273652e-01   9.3191923e-02  -2.0556200e+00
   2.0000000e+00   1.3518803e+00   5.6282113e-01   1.3147250e+00   3.8583599e-01   9.6848292e-01   4.7782899e-01  -4.1384696e-01  -2.9696527e-01  -3.6268622e-01  -1.6318775e+00
   2.0000000e+00   1.6430319e+00  -7.9903203e-01   2.0451603e+00  -1.4379650e-01  -8.0624615e-01  -1.9792287e-01   1.0402509e+00  -6.8802112e-01   4.6598316e-01  -8.1273185e-01
   2.0000000e+00  -1.5700195e+00   6.2215542e-01   1.2999924e+00   1.4772072e+00  -6.2781598e-02   7.3971526e-02   2.1566555e+00   1.8721011e+00   6.5146544e-01   4.3462610e-02
   2.0000000e+00   1.7281298e+00  -1.7293576e+00   2.3506272e-01   3.6804124e-01  -3.8157807e-01   6.4253292e-01  -2.1921638e-01   6.2184123e-01   2.6018306e+00   2.5374569e-01
   1.0000000e+00   7.0175599e-01   3.6643865e-01   5.5434121e-01  -5.5240290e-01   6.2443603e-01  -5.6746313e-01   4.9101823e-01   1.0794221e+00   4.3170320e-01  -8.3407442e-02
   2.0000000e+00   7.4772695e-01   1.9463249e+00  -1.6408600e-01   1.1636616e-01  -1.7143966e-01  -9.9119388e-01   1.7052520e-01  -1.3589936e-01  -4.4920736e-01  -3.1445633e-01
   2.0000000e+00   8.5687340e-01   3.8449212e-01  -1.4408477e+00   3.2868316e-01  -7.6793472e-01  -7.1449290e-01  -5.6609939e-01   8.2266060e-01  -3.7058837e-01  -1.7991662e+00
   1.0000000e+00  -7.0760198e-01   2.2860536e-01  -5.4049366e-01  -1.6969333e+00   2.5842768e-01  -6.1775770e-01   1.0905786e+00  -4.5818548e-01   5.2865000e-01   2.6484553e-01
   2.0000000e+00  -1.1176709e+00   3.5475851e-01  -8.7090291e-01  -6.1609505e-01   9.0648141e-01   1.8447041e+00  -1.1509368e+00  -1.6404919e-01   1.3538891e-01  -5.4772365e-01
   2.0000000e+00  -8.1042787e-02   6.2590795e-01   3.4029878e-01  -1.1499653e+00   8.8442584e-01   1.2088515e+00   8.3629634e-01  -1.1840909e+00   1.5359350e-02   5.1228559e-01
   1.0000000e+00  -4.2748040e-01  -1.0846723e+00  -2.4179585e-01   6.6379815e-01   3.0597943e-01  -1.0177132e-01  -2.7007339e-01   1.0620372e+00  -3.6769645e-01   1.2441816e-01
   2.0000000e+00  -9.4710087e-01  -1.2690771e+00  -4.6700457e-01   4.0787195e-01  -5.1973910e-01   1.1177135e+00  -9.5716907e-01   1.5993873e+00   1.1066660e+00   1.2838279e+00
   2.0000000e+00  -2.3255054e-01  -1.1021837e-01  -1.8013541e+00   1.3775046e-01  -1.2514201e+00  -4.1967118e-01  -9.6840193e-02  -4.3347498e-02  -4.0632903e-01   6.4317120e-01
   2.0000000e+00   1.8704605e-01  -1.4674184e+00   1.7071160e+00  -1.0205117e+00  -7.0004924e-01   1.2025291e+00   7.9391203e-01   1.0053867e+00  -8.6264801e-01  -1.7084411e+00
   2.0000000e+00   1.0971731e+00  -1.3495325e+00   3.3639446e-01   2.4575532e-01  -7.9444423e-01   5.3738389e-01   9.5431195e-01   9.2479089e-02   1.6830764e-01   9.4416440e-02
   1.0000000e+00  -4.1493054e-01   8.5939613e-02   1.0753727e+00   6.7098785e-01   6.5281768e-01   3.8892713e-01  -4.0759764e-01  -6.4852717e-01  -1.3574087e-01   5.9154851e-01
   2.0000000e+00   3.5317039e-01   1.0314704e+00  -9.1781741e-01  -2.9901812e-01  -9.6813754e-01   1.2848190e+00   4.8032536e-01   4.6714085e-01   1.0711678e+00  -1.1071204e-01
   2.0000000e+00   8.3480729e-01   7.8488997e-02   2.8656895e-01  -8.3401018e-02  -1.1927625e+00   3.1632800e+00   1.1453833e+00  -5.8296639e-01  -7.0340476e-01  -1.0773451e+00
   2.0000000e+00   3.7516322e-01  -8.5714877e-01   5.2417928e-01  -2.8097962e-02  -1.0226467e+00  -9.8075580e-01  -9.8342849e-01   7.4393015e-01  -9.1876041e-01  -1.1717284e+00
   1.0000000e+00   1.2165746e+00   1.1768192e+00   1.2936944e+00   6.0458911e-01   1.3033872e-02  -4.2756727e-01   1.1391360e+00  -7.9382660e-01   1.4651411e+00   6.0287208e-01
   2.0000000e+00   1.9134543e+00  -3.1379599e-01  -6.5872949e-01   2.1377975e-01   8.8038041e-01  -7.0081942e-01  -7.7471795e-01   5.8474900e-01  -1.4956019e+00  -1.3004031e+00
   2.0000000e+00  -6.9027822e-01   8.3937053e-01  -5.9737668e-01  -1.9286273e+00  -8.8794015e-01  -1.2568881e+00   1.7832158e+00  -7.6830663e-01   1.8148947e-01  -1.6320516e-01
   2.0000000e+00   1.1689676e+00   8.4258286e-01  -3.5597905e-01  -3.4493465e-01  -1.6190778e-01  -1.2801947e+00  -1.7966988e+00  -1.9545893e+00   4.6170511e-01  -8.8117888e-01
   1.0000000e+00   9.8283837e-01  -9.4148338e-01  -3.0481371e-01   8.3559997e-01   4.8262707e-01  -5.1260001e-01  -3.5906106e+00  -3.6678163e-01  -3.7978878e-01   7.1696492e-01
   2.0000000e+00   1.6167524e-01   1.2224538e+00  -5.6110396e-01   1.4736770e+00  -2.4055244e-02   9.0080085e-01   3.8094543e-01   2.6822496e-01  -1.3485806e+00   1.3820282e-01
   2.0000000e+00   4.4292472e-01   1.2322716e+00  -3.8289721e-01  -3.2213135e-01  -6.2240847e-01  -7.9383758e-01   1.0733729e+00  -6.6221537e-03   9.4965181e-02  -7.9046786e-01
   2.0000000e+00  -1.6570732e+00   5.9950387e-01   5.0546396e-01   4.2467712e-02  -1.2200659e-01  -1.2045121e+00   1.0606115e-01  -4.8418236e-02  -1.3352879e+00   1.0910214e+00
   2.0000000e+00   3.7956112e-01  -4.9782264e-01  -1.6215089e+00   8.9618593e-01  -1.1863479e-02  -5.6991144e-01  -5.6657201e-01   1.0048265e-01   4.6319194e-01   1.3033100e+00
   1.0000000e+00  -7.6577556e-01   2.0659626e-01   7.2187228e-01   1.0101388e+00   8.1562807e-01  -7.8062004e-01   1.9917667e+00   6.6618747e-01   1.5291770e-01   3.7329196e-01
   2.0000000e+00  -1.6750444e+00  -4.7399217e-01  -9.2844604e-01   3.4073990e-01   1.2557698e+00   4.2917620e-01   6.2718252e-01  -1.2304149e+00  -3.3234181e-01  -9.5948917e-01
   2.0000000e+00  -1.4008080e+00   1.1027336e+00   3.4414503e-01   6.5627931e-02  -1.0803307e+00  -2.6431660e-01  -8.6024429e-01   6.9542721e-01   2.2948639e+00  -3.9025533e-01
   2.0000000e+00   2.9872761e-01   1.3360645e-01   1.0655588e+00   2.5153346e-01   1.2032551e+00   3.7003218e-02  -1.5851278e-01   3.9550149e-01  -7.0190215e-02  -1.2418946e+00
   1.0000000e+00   7.4016578e-01   2.7480273e-02   6.1896959e-01  -2.4520787e+00   1.2439524e-01   1.1611014e+00   4.2574599e-01   1.0497138e+00  -3.4233489e-01   7.9256010e-01
   2.0000000e+00  -8.4078361e-01  -7.2307619e-01   4.0854493e-01  -1.0621099e+00   1.7101459e+00   1.2033937e-01  -9.7686721e-01  -6.0741785e-01  -1.2438597e-01  -2.2654868e+00
   1.0000000e+00  -7.6284311e-01   1.2867319e+00  -2.3625391e-01  -1.1567196e+00   3.2199179e-01  -2.1076129e+00   4.3325969e-02  -4.7758413e-01   3.2665877e-01  -6.2013435e-01
   2.0000000e+00  -7.6265928e-01   2.8661160e-01   1.0711942e+00  -4.7904150e-01  -2.3352386e-01  -1.1710816e+00   1.8001243e+00  -1.2306131e+00   9.2929331e-01   1.0855759e+00
   2.0000000e+00  -2.9495535e-01  -7.0164952e-01  -1.1713133e-01   8.4086854e-01   6.2298370e-01   2.0245533e+00   8.3148092e-01  -2.4045680e-01   6.3609957e-01   9.1871777e-01
   2.0000000e+00   7.6246024e-01  -2.1128544e+00  -1.3604645e+00  -1.0839859e+00  -1.4067923e+00   3.2089292e-01  -7.1792895e-01   1.3918908e+00  -4.1221721e-01   9.5020043e-01
   2.0000000e+00   1.5695483e+00  -2.8384665e-01   9.3676603e-01   6.5463321e-01  -1.2703284e+00   7.1727493e-02   1.5620506e+00   1.0404833e+00   9.7767615e-01   5.2425831e-01
   2.0000000e+00  -5.8877792e-01  -9.0461237e-01   1.7512287e-01  -3.3968479e-01   9.0803885e-01   3.1257196e-01   5.3713296e-01   5.8488040e-01  -2.5661925e-01  -1.2070488e+00
   2.0000000e+00  -1.9064054e+00   7.9895790e-02   3.8240959e-01   1.0655119e+00  -1.2185891e+00  -2.8857348e-01   1.1419099e-01   2.9516452e+00  -2.3707691e-01   1.2564228e+00
   2.0000000e+00   4.2486900e-01   6.9721974e-01   9.3386582e-01  -1.1063061e+00   8.5084011e-01  -9.0635617e-01  -4.8061074e-01   1.5901905e+00   1.5983943e-01   1.3393404e+00
   1.0000000e+00  -3.7670714e-01   1.0763307e+00  -1.6518655e+00   1.7147406e-01   2.3207457e-01   6.6271542e-01   8.9140228e-01   5.4306992e-01   1.0937048e+00  -4.8312062e-01
   2.0000000e+00  -3.9912703e-01  -5.2132349e-01  -2.3003934e+00  -5.4372845e-01  -2.6440311e+00   7.4651945e-01   7.0366998e-02   9.5615645e-01   1.2908113e+00  -1.2407161e-01
   2.0000000e+00   3.6284774e-01   3.8244973e-01  -1.3407902e+00   1.8592080e+00   9.4667108e-01   1.7781240e+00   7.9188470e-01  -2.8284646e-01   2.1287165e+00   4.2866849e-01
   2.0000000e+00   4.4946447e-01   8.4408758e-01  -7.2287647e-01  -6.9660519e-02  -6.0566928e-01   8.7744681e-01   1.5756574e-01  -4.5726481e-01   4.6871539e-01   8.3630669e-01
   1.0000000e+00  -1.9503111e+00  -2.0258237e+00   3.5570149e-01  -7.4385188e-01   9.1225248e-02  -1.1555357e+00   1.5201218e-01  -3.0473401e-01   7.1322574e-01   8.8479055e-01
   2.0000000e+00  -1.6400796e+00   1.0116747e-02  -1.1452306e+00  -5.7417552e-02  -2.0966336e-01  -9.1071303e-02   4.3252313e-01   3.5318121e-01  -4.4295786e-01   1.5289851e+00
   2.0000000e+00  -1.7714692e+00   2.3539025e+00  -1.5104926e+00  -5.5894902e-01  -9.0452990e-01   2.1864098e-01   3.3537390e-01   1.8829501e+00   1.0495211e+00   1.7387383e-01
   2.0000000e+00   1.2897945e+00   1.2456031e+00   1.0397743e+00   1.3320863e+00   5.7664180e-01  -1.0430834e+00   9.3053282e-01  -1.5407359e+00   6.1776740e-01  -8.7472361e-01
   1.0000000e+00   1.2937295e+00  -2.9596320e-01   5.5792408e-01  -2.7449969e-02   5.2117719e-01   1.3533603e-01   1.2781820e+00  -1.0158836e+00  -7.4503155e-01   4.0869508e-01
   2.0000000e+00   3.4159506e-01  -3.9687663e-02  -1.0326064e+00  -3.1492945e-01  -9.2790660e-02   3.6842670e-02  -4.7447096e-01   2.7636098e-01   9.3488315e-01  -4.6657222e-01
   2.0000000e+00  -1.6667632e-03  -3.9458545e-02   1.1907284e+00   1.2555341e+00   1.1115116e+00  -1.3061084e+00   6.6553290e-01   4.3554763e-01  -9.5868900e-02  -1.7731954e+00
   2.0000000e+00   6.4983270e-01  -1.7242131e+00  -1.7377257e+00  -1.2782400e+00   1.5896602e+00  -1.0191185e-02  -1.1152072e-01   7.0402329e-01   2.1985750e+00   1.6055993e+00
   2.0000000e+00  -2.0315462e-01   1.2574605e+00  -1.1253421e+00  -3.8253482e-01  -1.3376781e+00   1.1669693e-01  -1.1920815e+00   1.7500672e+00   1.0786772e+00   8.2029513e-01
   2.0000000e+00   4.8270799e-01  -3.4825345e-01  -1.6983791e-01   1.3648291e+00   7.1284065e-01  -4.2303892e-01  -1.8696269e-01   1.2709114e-01   1.0791305e+00   1.2242045e+00
   2.0000000e+00   3.8472101e-01   3.9903319e-01   1.4458038e-01  -1.3143423e-03  -6.8825847e-01   1.0514963e+00  -8.7908584e-01  -1.0581144e+00   1.1447058e+00   1.9956881e-01
   2.0000000e+00   1.8542773e+00  -1.5756335e+00  -8.2144665e-02   1.1748345e+00  -1.0320328e+00  -5.0636004e-01   1.6097601e-01  -1.1861333e+00  -2.2389775e+00   7.3805175e-01
   2.0000000e+00  -1.1845848e+00  -1.4847850e-01   2.8757927e-01   2.8339792e-01   2.0624718e-01  -6.5716046e-01  -1.4672151e+00   3.1283445e-01   1.0072887e+00   1.2631841e+00
   2.0000000e+00  -2.5917609e-01  -3.3083172e-01   9.6391763e-01  -3.6561013e-01   5.1047355e-01  -1.2705583e-01  -6.6630075e-01  -4.5660889e-01   3.4840214e-01   2.1336758e+00
   2.0000000e+00  -3.1460127e-01   6.0868914e-01  -7.5076051e-01   4.6736915e-01  -4.0080093e-02   1.3250953e+00   1.8918519e+00  -1.8529931e+00  -5.3133729e-01   8.5288007e-01
   1.0000000e+00  -1.2327330e+00  -4.8053592e-01  -1.1977289e+00   3.9523848e-04   2.2546912e-02  -7.1892791e-03   6.2082699e-02  -4.0322885e-02  -4.9622655e-01   8.8813407e-01
   2.0000000e+00   1.0211713e+00  -9.1347770e-01   1.8609775e-03   2.4506349e+00  -4.3598989e-01  -5.9105242e-01  -4.9600893e-01  -3.4950556e-01  -2.9464843e-01   1.1471197e+00
   1.0000000e+00  -5.0637901e-02   1.5701675e+00   4.9940811e-01  -5.4672280e-01   9.3770677e-02   5.7770198e-01  -1.2804736e+00  -1.3003427e+00  -1.1247572e-01  -2.5661608e-01
   2.0000000e+00  -6.1028243e-01   2.2520688e-01  -1.5128070e+00   1.0651429e+00  -3.2164809e-01   1.8647623e-01   7.5540938e-02   1.3956276e+00   9.7442815e-01  -1.3889850e+00
   2.0000000e+00  -8.0774677e-01  -2.0926176e+00  -1.8744036e-02   1.7163365e+00  -2.3779099e-01  -2.8099421e-01  -4.1802027e-01  -2.8339745e-01  -3.7387804e-01   8.8111057e-01
   2.0000000e+00   1.1286719e-01   3.4212326e-01  -7.2235768e-01   1.9499299e-01   9.7145459e-01   6.4648503e-01   1.2778314e+00  -7.0856536e-01  -1.0245412e-01  -1.9301451e+00
   2.0000000e+00  -2.8436021e+00  -3.3312138e-01   5.4966925e-01   7.0324754e-01  -1.8651740e-01   7.1388245e-01  -5.1820270e-01  -1.2035240e-01   1.1933429e+00   7.4379493e-01
   2.0000000e+00   9.7765244e-01  -5.1479172e-01   2.4167227e+00   9.5008301e-02  -1.5414273e+00  -1.1547504e+00   8.1363006e-03   1.8766736e-01  -6.6983713e-01   5.5125709e-01
   2.0000000e+00  -2.4734613e+00  -5.1042318e-01  -3.6967681e-02  -1.3527941e+00   4.6401146e-01   9.5784717e-04   1.8370355e+00   1.7004605e+00  -7.6984883e-01   1.2114707e+00
   2.0000000e+00   7.0140826e-01   1.1190376e+00  -1.1222436e-01  -1.7191141e+00   1.1147604e+00  -9.6085053e-01   6.8172667e-01   1.8863229e+00   4.5966028e-01   4.7969952e-01
   2.0000000e+00   4.3968124e-02   9.7894814e-01   6.4064520e-02  -9.0390100e-01   3.1892598e-01   6.0745653e-02  -8.8987688e-01   9.1142204e-01   3.3021909e-01  -1.3125179e+00
   1.0000000e+00   9.1504324e-03  -3.7871023e-01  -5.3297799e-01   4.3465484e-01   2.8105269e-01   1.4860864e-01   4.1017732e-01  -1.6324587e+00  -1.9752519e+00   1.3943277e-01
   1.0000000e+00  -8.0743239e-01   7.5894752e-01  -3.1950241e-02  -1.2130522e+00   6.1393743e-01  -2.9685127e-02  -6.6461308e-01  -1.2982201e+00  -5.8730472e-01  -4.0868000e-01
   2.0000000e+00   1.3064565e-01  -7.0449894e-01  -1.0717026e+00  -1.7927655e+00  -1.2603486e+00  -7.1494183e-02   1.2906135e+00   8.8426242e-01   4.0744233e-01   1.6356393e-01
   2.0000000e+00   1.3231973e+00  -5.7952477e-01  -7.4871539e-01   4.1577110e-02  -4.2960384e-01  -2.1353649e+00   5.0983898e-01   8.0429133e-01  -3.6408511e-02  -1.2453468e-01
   1.0000000e+00  -2.0807529e+00   2.8491008e-01   1.0845410e-01  -9.3049159e-01   6.0842291e-01  -7.4544860e-01   1.8852319e-01  -8.6638654e-01   9.5297233e-01   5.1045324e-01
   2.0000000e+00   4.5640386e-01   1.5014799e-01  -1.0270188e+00   1.1614386e+00  -1.0925100e+00   1.5789479e+00  -2.2548417e-01  -4.7993734e-01  -9.6272404e-01   2.2548933e+00
   2.0000000e+00   7.2333665e-01   1.1267018e+00   3.7423461e-01  -1.5952766e+00   1.3453745e-01  -5.6764737e-01   4.6128750e-01  -8.2551334e-01   1.7890926e-01  -9.7802834e-01
   2.0000000e+00   3.4961876e-02   7.2737790e-02  -6.8011098e-01  -1.0138828e+00   1.8960214e+00  -7.7619250e-01   1.1241817e+00  -7.9054141e-01   1.4756940e-01  -1.0124778e-01
   2.0000000e+00   1.0402979e-01  -1.0061302e+00  -2.1333692e-01  -2.1295940e-01   1.9845716e+00   6.6987862e-01   1.0254633e-01   6.4814154e-01  -3.3355329e-01   1.1758264e-01
   2.0000000e+00  -5.9007158e-01   1.2279154e-01   1.7119439e+00  -8.8861532e-01   9.4640564e-01   8.2201772e-01   6.4257678e-01   4.9170769e-01   1.0991254e+00   1.2758267e+00
   2.0000000e+00   1.4246873e+00  -8.2465639e-01   7.3420589e-01   1.4726478e-01   9.1399251e-01   1.2980501e+00  -9.8555950e-01   7.5909062e-01  -1.0119639e+00   4.3030233e-01
   2.0000000e+00  -6.4879162e-01  -1.1882838e-01  -6.6260444e-01  -6.5504614e-01   2.1781736e+00   2.6792272e-01  -2.1139325e-01  -7.0368079e-01  -2.2772612e-01   1.7114705e+00
   2.0000000e+00   5.5062218e-01   1.2485865e+00  -1.0043785e+00  -9.4645393e-01  -5.0077044e-01   2.3922428e+00   6.2393648e-01   1.0883704e+00   7.5049292e-01  -1.0206306e-01
   2.0000000e+00  -5.3949186e-01   6.7216444e-01  -5.8881960e-01  -1.1080778e-01  -4.6821518e-01  -1.2513911e+00  -4.8434484e-01   1.1869652e+00  -3.4153800e-01   9.6282985e-01
   2.0000000e+00   8.3499948e-01   3.7241431e-01   7.7776299e-01  -6.2729396e-01  -9.4434172e-01   1.0792877e+00  -8.4256026e-01   3.1028056e-01   4.0025539e-01   9.4660979e-01
   2.0000000e+00  -8.7758109e-01   2.2067942e-01  -1.0269623e+00  -7.0117464e-01  -6.8327912e-01   6.7599954e-01  -2.3789603e+00  -7.3930090e-01  -2.5178794e-01  -7.4786031e-01
   2.0000000e+00  -2.6364006e+00  -1.7452384e-01   1.0495278e+00  -2.0354302e+00   9.8794081e-01   4.3825620e-01  -3.6486639e-01  -1.8328881e+00  -1.6558645e+00  -1.1111895e+00
   2.0000000e+00  -8.1106742e-01   4.2961499e-01   1.9190538e+00   9.0319456e-01  -9.8244110e-02  -1.1455145e+00   1.2603366e+00   7.9357290e-01   7.2774879e-01   1.2785892e+00
   2.0000000e+00  -8.3448346e-02  -1.1517453e-01  -4.6382518e-01   3.6586808e-01  -5.0758278e-02   2.0579906e-01   2.3037136e+00  -3.9623743e-01   1.1517282e+00   1.2938459e+00
   2.0000000e+00  -2.4435231e-01   2.2602102e+00  -1.1353149e+00   7.0239105e-01  -1.4508878e+00   1.1506307e+00  -3.2424083e-01   1.3474576e+00   5.5797623e-01  -3.7852339e-01
   2.0000000e+00  -5.5582283e-01   7.7759874e-02  -7.8834998e-01   1.0028934e-01   6.5193746e-01  -1.2156588e+00  -7.4301297e-01  -1.4766171e+00   8.9398685e-01  -8.4623445e-01
   2.0000000e+00   2.3174676e-01  -1.3903760e+00   2.6766021e-01   1.2301301e+00   5.4789746e-01   3.6262079e-01  -3.1238537e-02   5.2052876e-01   1.1982461e+00  -1.4968691e+00
   2.0000000e+00   8.7332666e-01  -4.3096913e-01  -5.6514170e-02  -7.0958229e-01  -1.0770251e+00   1.6535579e+00  -1.4757065e+00   1.5806367e-01  -1.4589750e+00  -9.6123969e-01
   2.0000000e+00   1.6793408e+00   4.0602271e-01   1.7068931e+00   3.2811155e-01   1.8292751e+00  -2.6077279e-02  -1.1827795e+00   1.1270762e+00  -5.7460135e-01  -4.6657428e-01
   2.0000000e+00  -1.0399278e-01  -7.8088282e-01  -1.4757334e+00  -1.4035745e+00   6.6092515e-01  -1.5497989e+00   3.1125581e-01   6.5917982e-01   3.6090369e-01   1.2300178e+00
   1.0000000e+00  -1.0529029e+00  -2.5501782e-01  -1.0444388e+00  -7.1750797e-01   3.9981350e-01  -1.0031536e+00   1.8906097e+00   1.1380180e+00  -9.9494187e-01   6.6165492e-01
   2.0000000e+00  -2.5269666e+00  -2.1610757e-01   1.7780316e+00  -7.2742974e-01   3.6511375e-01  -5.4052812e-01  -2.7121720e-01  -6.3604927e-01  -9.3241003e-01  -1.2906096e+00
   2.0000000e+00  -1.0684524e+00  -2.1003122e+00  -7.6913301e-01   3.8141980e-01  -2.1562994e+00   3.5171004e-01  -1.1651804e+00   8.4006547e-01  -3.0781240e+00   4.9903220e-01
   2.0000000e+00   5.8255361e-01  -5.2677083e-01   5.4495387e-01  -2.0330873e+00  -2.7416375e-01   5.9851051e-01  -4.2979724e-01  -2.0036493e+00   8.6594386e-01   6.9474684e-01
   2.0000000e+00  -5.9891482e-01   6.7815381e-01  -1.4082424e+00   9.5908710e-01  -9.5734886e-01   1.1715937e+00   7.7961093e-01  -7.7329443e-01   8.1386594e-01   4.6433883e-01
   2.0000000e+00  -3.2229101e-01  -2.2349876e+00   5.0358109e-02  -1.7913508e+00  -4.2732040e-02   1.9549109e+00   2.7454167e-02  -8.3433070e-01  -8.1474090e-01   7.8294334e-02
   2.0000000e+00  -2.0881379e-01  -9.9084093e-01   2.7495397e-01  -7.9352472e-01  -1.5849675e+00   8.0433368e-01  -5.2609992e-01   7.7443935e-01  -1.6932273e+00   2.3974432e-01
   2.0000000e+00   9.2383274e-01   6.9915416e-01   5.0768586e-01   1.1587068e+00   7.8328116e-01  -1.8577900e-01  -2.2872249e-01  -1.6090074e+00  -7.7430218e-01   1.8103739e+00
   2.0000000e+00  -4.2760756e-01  -7.6351077e-01  -7.9717850e-01   9.8234721e-01  -1.7095417e+00   1.0786113e+00   3.1915918e-01  -9.1517791e-01   7.2437539e-01   7.9987288e-01
   2.0000000e+00  -1.1175189e+00   1.4592324e+00   4.3622208e-01  -1.1328490e+00  -6.8406779e-01   1.5958378e+00   2.9630846e-02  -3.4087011e-01  -3.1729257e-02   2.4055622e-01
   2.0000000e+00  -3.7645137e-01  -9.2982980e-01   2.1678381e+00  -5.4385439e-01   7.4467954e-02   1.0530424e-01   1.3786052e+00  -7.6990844e-01   3.2548617e-02   5.7955672e-01
   2.0000000e+00  -7.2224534e-01   4.2816936e-01  -2.1094968e-01  -1.9248998e+00  -1.5930891e+00  -6.9089005e-01   3.5828103e-01   1.3767871e-02  -1.3616803e+00  -1.2984238e+00
   2.0000000e+00  -1.4198821e-01  -3.0542839e-01  -4.5882574e-01  -5.8782722e-01   1.7897306e+00  -1.8481513e+00   1.2139498e-01  -1.0182617e+00  -1.1957962e+00  -6.3477133e-01
   2.0000000e+00  -1.0288616e+00  -8.4030332e-01   5.2784492e-01   2.6914480e-01  -3.4721179e-01  -3.6893036e-01   6.8881156e-01  -8.8934750e-01  -6.4065051e-01   4.2096738e-01
   2.0000000e+00   3.5656861e-01  -1.6623519e-02  -4.6083921e-01  -3.2302077e-01  -3.9045002e-01   5.0618456e-02  -6.4149654e-01   6.3062978e-01   8.0981737e-01   1.4662930e+00
   2.0000000e+00   7.1416506e-01   2.3244882e+00   9.8358554e-01   3.5845666e-01  -1.6782838e+00   6.7242574e-01   9.2768914e-01  -9.6659423e-01   6.2831525e-01  -1.2989106e+00
   2.0000000e+00   6.0077891e-01  -1.0948410e+00  -1.2919704e+00   3.1572201e-01  -1.1074913e+00  -9.8818613e-01  -1.4622446e+00  -1.2177396e+00   8.8858124e-01   9.1486555e-01
   2.0000000e+00  -4.5750149e-01   1.0007056e+00   7.5108107e-01   1.1484936e-01   1.0970036e+00  -3.0898089e-02  -1.2480580e+00  -4.3170960e-01  -5.2807682e-01   5.0514839e-01
   2.0000000e+00   4.0935446e-02  -2.1854772e-01  -8.6124547e-01  -2.0559666e-01  -9.9228791e-01  -4.5429296e-01   2.4211876e+00  -1.2937969e-01  -7.4914811e-02  -4.5183528e-01
   2.0000000e+00   1.1699861e+00  -5.7172777e-01  -5.1604017e-01   3.9878446e-01  -1.1412498e+00   6.4538062e-01   2.1007251e-01   9.7963066e-01   1.7039767e-01  -3.3175066e-01
   2.0000000e+00  -1.2545512e+00   5.6737422e-01  -4.7045227e-02   1.0403078e+00  -9.0100720e-01  -1.2575513e+00   1.6772431e+00   1.8944425e+00   1.3433488e+00  -1.2785605e+00
   1.0000000e+00   2.0655690e-01  -1.7271924e+00   9.1032209e-01  -3.5943013e-01   8.2536403e-01   9.3367926e-01  -1.9543776e-01   5.2401703e-01   1.4671378e+00   2.4072427e-01
   2.0000000e+00  -1.1771343e+00  -1.0240011e+00   3.8373471e-01  -3.1411808e-01  -1.9664412e-01   2.8265815e-01  -6.5604069e-01   1.2609838e+00  -6.1939062e-01  -1.2102943e+00
   2.0000000e+00  -1.3745911e-01   8.4820342e-01   1.7218170e-01   3.1649154e+00   1.3920814e+00  -2.2140671e+00  -1.0959936e+00  -1.8034019e+00   5.9743824e-01   7.4734763e-01
   2.0000000e+00  -1.6198240e+00   3.3699034e-02   1.4788929e+00  -4.1925441e-02   1.9373018e+00  -1.1776393e+00   2.9619421e-02  -2.3138235e-01  -3.1023481e-01   9.8423320e-01
   2.0000000e+00  -1.0489090e+00  -6.6951508e-01   5.0645712e-01  -1.3844032e+00  -1.0114593e+00  -8.2311378e-01   1.8129527e+00   4.9688002e-01   1.3762289e+00   1.2473419e+00
   1.0000000e+00  -7.3578385e-02  -5.5119117e-02  -1.4158914e-01  -3.4272279e-01   2.5834561e-02  -4.0442806e-01  -8.2052502e-01   2.2676177e-01   1.7826332e-01   2.7024491e-01
   2.0000000e+00   6.3635581e-01  -7.5363466e-01  -1.0269661e+00   4.1791698e-01   9.9531829e-01  -6.0560584e-01  -1.2927506e+00   9.2835041e-01  -1.1733815e+00   8.5049970e-01
   2.0000000e+00  -6.4246432e-01  -2.1984481e-01   5.7349100e-01  -8.3882196e-01  -1.6597010e+00  -1.1992258e+00  -9.3818711e-01   2.2611683e+00   4.5598773e-01   1.0644994e+00
   1.0000000e+00  -3.3840329e+00  -9.7359654e-01  -1.2990708e+00  -5.8645067e-01   3.0559477e-01  -7.7539980e-01  -3.1693320e-01  -8.7700450e-02   8.6892725e-01  -9.1316030e-02
   2.0000000e+00   3.1889763e-01  -4.1217539e-02   1.4289200e+00   3.1049654e-01  -1.8430772e+00   9.0958583e-01  -3.8488765e-01  -4.4089221e-02   1.4032510e-01   1.3679145e-01
   1.0000000e+00  -4.8093930e-02  -2.7122094e-01   2.8015893e-01   1.5237098e-01   4.0191993e-01  -1.1384590e+00   8.1806721e-01   5.8209371e-01  -8.7889576e-01  -2.7228425e-01
   2.0000000e+00   1.2265334e+00  -1.1710880e-01   8.3779461e-01  -1.5131946e+00  -3.0711729e-01  -7.6064669e-01  -9.2169593e-01  -3.5302605e-01   4.7492932e-01  -1.7561194e-01
   2.0000000e+00   2.2963100e-01  -1.5779677e+00   1.0333864e+00  -2.2564076e+00   2.9692078e+00   4.4622085e-01   5.3719359e-01  -8.9236305e-01  -2.5551191e+00  -1.9691854e+00
   2.0000000e+00  -6.6911701e-01   1.4321636e-01  -6.8659807e-01   6.8325028e-01   9.5563391e-01   7.3158663e-02   6.9786291e-01   2.0748289e-01  -2.2663648e-01   2.2021040e-01
   2.0000000e+00  -3.7712644e-01  -3.9092455e-01  -6.0146285e-01  -1.4668790e+00  -2.6519798e-01   1.1194045e+00  -2.9995113e-01   3.0683527e-01   7.9492415e-02  -1.5117539e+00
   2.0000000e+00   8.6755533e-01  -4.4600821e-01   3.2972932e-01  -7.3400014e-01   3.0820905e-01   5.9960967e-01   1.7665405e+00  -4.5833718e-01   1.4435326e+00   1.9771077e+00
   2.0000000e+00  -1.3667401e-01   4.5266045e-01  -1.4341222e-01  -7.6940597e-01   6.2190003e-01   3.2227336e-01  -1.8501835e-01  -5.9111946e-01  -3.5961870e-02  -1.5405303e+00
   1.0000000e+00   3.8223793e-02  -1.2053462e+00  -4.3563717e-01  -1.0161914e+00   6.2970994e-01   8.3648618e-01  -2.9082955e-01   1.0548697e+00  -1.1817841e+00   3.1489851e-03
   1.0000000e+00   4.2926382e-01   2.4635168e-01   3.7950816e-01   6.3350864e-01   2.3377621e-01  -5.9112435e-01   6.6504557e-01   1.1192781e+00  -9.2231717e-01  -3.8736152e-01
   2.0000000e+00  -1.0722600e+00   1.6193431e-01   1.5697706e+00   3.0557818e-01  -8.5031421e-01   1.3746180e+00   2.3919000e-01  -4.0501322e-01  -8.4790827e-01  -1.0930632e+00
   2.0000000e+00  -2.0575498e+00   1.6673235e+00  -1.3269519e+00   6.7944187e-01  -1.0881707e+00   4.8390364e-01  -1.8135079e+00   1.9098146e-01   9.2669285e-01   9.2119262e-01
   1.0000000e+00   1.6646722e+00  -1.1938523e+00  -1.5600393e+00  -3.1429419e-01   4.8443070e-02   2.1956863e-02   6.7439544e-01  -7.6475454e-01  -4.4962054e-01   2.1496624e-03
   1.0000000e+00   1.7732638e+00  -1.7316551e-01  -3.2010420e-01  -8.0980308e-01   2.6054972e-01  -1.0589414e+00  -2.8855427e-01  -5.8274386e-01  -7.3254333e-01  -5.1750081e-01
   2.0000000e+00   1.2269187e+00   4.4019329e-01  -1.7456119e+00   1.2670956e+00  -1.6356844e+00  -5.2970737e-01   1.0260233e+00   1.8434676e+00  -2.4645190e-01  -7.2969151e-01
   2.0000000e+00   1.5723772e-01   3.6496382e-01   6.5108347e-01  -4.0524527e-01  -1.3369205e+00  -2.2381040e-01   3.2404742e-01   2.6114599e+00   1.0249073e+00   4.5715126e-01
   2.0000000e+00   1.6326347e+00  -1.0856850e+00   1.4173951e+00  -9.6500108e-01  -1.1817672e-01  -3.6408623e-01   7.4009437e-01   5.4052645e-01  -1.0526957e+00   1.0320827e+00
   1.0000000e+00  -2.5023254e-01  -7.4425154e-02   1.6538542e+00   8.4110188e-01   6.2593171e-01   1.0681897e+00   1.3575015e+00   5.3973045e-01   9.5388039e-01   1.9934353e-01
   2.0000000e+00  -5.0097913e-01  -1.5525730e+00   1.0301673e+00   2.4715773e-01   1.3697599e+00  -1.2991215e+00  -7.5207352e-02  -8.5371219e-02   1.2007726e+00   1.2446754e-01
   2.0000000e+00  -1.0978808e+00  -4.6709465e-01  -4.8177717e-01  -1.3214226e+00   5.5353292e-01   2.5378635e-01   2.4314874e-01  -8.9557477e-02   2.1750800e-02  -9.6723021e-01
   2.0000000e+00  -4.8312855e-01   6.2773876e-02  -2.0955088e+00  -1.2209511e+00   2.1516902e-01  -7.9334074e-02  -6.5926318e-01  -4.2534784e-01  -1.1615864e+00  -1.0442240e+00
   2.0000000e+00  -1.0684057e+00   1.3716554e+00  -2.0441989e-01   7.2767472e-01   7.9102779e-02   3.7746950e-01   6.9253126e-02  -1.8134528e+00   2.3193349e-01  -1.5296330e+00
   1.0000000e+00   2.0629537e-01   9.8859231e-01   9.2173346e-01  -9.4396220e-01   3.4582162e-01  -2.9078248e-01   1.5231273e+00  -1.2333908e+00   2.1807759e-01   5.6867252e-02
   2.0000000e+00   1.2681567e+00   4.5728080e-01   7.9759072e-02   6.7578401e-01   8.7666020e-01  -5.5328726e-01  -2.4983167e-01   8.6403136e-01   9.7586574e-02  -3.2790066e-01
   1.0000000e+00   4.8849976e-01   8.7679787e-01   1.3615468e+00  -3.1542061e-01   3.1175203e-01  -1.0889267e+00   1.0957921e+00  -1.5311791e+00   2.3532158e+00   7.0907330e-01
   2.0000000e+00  -3.4887463e-01  -5.2357151e-01   1.3034944e+00  -2.6647337e-01   7.8119738e-01  -1.0066476e+00  -1.2636413e+00  -1.6792270e+00   4.3648487e-01  -1.4295516e+00
   1.0000000e+00   2.2187134e+00  -5.4053205e-01   1.3926843e+00  -1.1200030e+00   3.0953665e-02   1.2498761e+00   3.9223498e-01  -8.9707812e-01  -1.5240029e-01  -1.9902605e-01
   2.0000000e+00  -9.7296634e-02  -1.6916703e+00   1.6881432e+00   3.4338638e-01  -7.4821395e-01   8.5094940e-01   4.4584583e-01   9.7841397e-01   1.7842080e+00  -4.0950618e-01
   2.0000000e+00  -2.0348261e-01   2.3011714e-01  -2.2371277e+00   5.9865053e-01   2.5564952e-01   3.7286616e-01   1.6363553e-01  -5.7506719e-01  -3.8155968e-01   2.4837079e+00
   2.0000000e+00   5.9895774e-01   4.0540427e-01   1.4968808e+00  -6.6758636e-01  -1.0843185e+00  -2.3081284e-01   1.0192878e+00   5.5840140e-01   1.0057383e+00   7.5732230e-01
   2.0000000e+00   5.7334265e-01  -1.7623184e+00  -4.9679314e-01   2.9267224e-01   8.4474310e-01  -3.7249552e-01  -2.0820937e+00  -1.0035935e+00   2.3302952e-01   1.5988060e+00
   1.0000000e+00   2.6045325e-01   2.1445893e+00   1.3503641e+00   1.6026719e-01   7.1911726e-01   3.0055115e-01  -3.5564026e-02   9.9221832e-01   3.9801891e-01  -6.4840292e-02
   2.0000000e+00  -2.0337245e+00   1.4700672e+00   1.4558525e+00  -1.3400589e-01   1.3231882e+00  -3.6792509e-01  -4.0937863e-01   5.8677400e-01  -8.9759533e-01   8.7357356e-01
   2.0000000e+00   5.9354713e-01   1.8948042e+00   1.3847144e+00  -1.6496787e+00  -1.1692723e+00  -1.0036583e+00   2.6213400e-01   1.5799781e+00  -1.0073611e+00   7.8531884e-01
   2.0000000e+00  -1.0845744e-01   1.8244893e+00   2.5916680e-01  -4.9400232e-01   5.7911972e-01  -3.0342641e-01  -8.0964445e-01  -5.3118806e-01  -7.2137786e-01   8.5558866e-01
   2.0000000e+00   8.8735935e-02   7.8657475e-01  -1.4798021e+00   2.2787549e+00  -1.0344464e+00  -9.2979143e-03  -1.3997796e+00  -1.3328333e+00  -5.9542747e-01  -1.0993997e+00
   2.0000000e+00   1.9853133e+00  -3.6424592e-01  -1.4563251e+00   1.2397352e+00  -5.0545177e-02   6.5397242e-01  -9.9553401e-01  -2.0802435e+00  -1.1833721e+00  -1.1761408e+00
   2.0000000e+00   7.4120012e-01   1.7306775e+00   2.8092123e-01  -1.0122748e+00   1.5521555e-01  -6.7454613e-01  -1.9773437e+00   1.0126860e+00  -1.2797868e+00   1.6120663e+00
   2.0000000e+00   8.7928867e-01  -5.7732646e-01  -1.4065727e-01   2.0753367e-01   6.2549468e-01   2.0223159e+00  -1.2333061e+00   2.7792213e-01  -7.4721033e-01  -1.2386906e+00
   2.0000000e+00   6.6156909e-01   1.8011321e+00   9.3318000e-01  -1.5959555e-01  -1.3857894e+00  -1.6466998e+00   9.1600565e-01  -5.3404702e-01   6.7198214e-01  -1.0419460e+00
   2.0000000e+00   1.2881055e+00   6.6301584e-01  -7.3586208e-01  -5.5270302e-01  -4.6662501e-01  -2.2735075e-01  -5.5421562e-01  -2.1361870e-01  -9.4846456e-01  -5.2789375e-01
   2.0000000e+00  -9.5006289e-01  -1.0147997e+00  -2.1281614e-01   4.8010986e-01  -2.1704678e-01   9.8174673e-01  -2.7406484e-01  -2.6019414e-01  -1.8844784e+00   8.2298763e-01
   1.0000000e+00  -3.2034639e-01   1.2150036e+00  -1.7993158e+00  -1.7803069e-01   1.9544053e-01  -4.6141821e-01   2.9143147e+00  -3.8131543e-01  -4.3325892e-02  -1.7246542e-01
   2.0000000e+00  -3.0706095e-01  -1.4591578e+00   2.8427154e-01   2.0757876e+00  -1.7057754e+00  -2.2700965e+00  -8.1178011e-02  -2.1216726e+00   2.8079677e-01  -2.7545251e+00
   2.0000000e+00   2.1032055e-01   6.2653670e-01   1.9491252e-02  -4.3899617e-01  -2.6137683e+00   1.7399950e+00  -2.0219506e-01   5.5127142e-01   1.2780449e+00   1.2665943e+00
   2.0000000e+00  -8.3048020e-01  -1.0616066e+00   1.3071896e+00   5.7628282e-01  -3.5431541e-01  -4.1567381e-01  -1.7102126e+00   1.4053076e+00  -8.3980656e-02  -1.3725794e+00
   2.0000000e+00  -2.7476018e+00  -1.2206483e+00   8.4849416e-02   1.3139087e+00   9.9472694e-01   2.4267383e-02   1.8483312e+00   1.1599187e+00   9.2227159e-01   1.6530393e-02
   2.0000000e+00   2.4778417e-01   7.9791765e-01   5.3410418e-01   7.1694993e-01  -5.6634655e-02   8.7189886e-01  -1.0162339e+00  -5.6264306e-01  -1.1479539e+00   1.6274899e+00
   2.0000000e+00  -1.8567030e+00  -1.0001167e+00   1.0468018e+00  -1.3003787e+00   3.0293439e-01   3.7549700e-01   1.6579708e+00   6.1382249e-01   1.5226676e-01   2.2232961e+00
   2.0000000e+00  -1.1132000e+00   1.1220892e+00   6.2416154e-01   3.5505403e-01  -8.4993452e-01  -4.1724916e-01   6.3002934e-01   1.0038966e+00   1.6593547e+00  -1.7205142e+00
   2.0000000e+00  -1.3146627e+00   1.5938093e+00  -1.4702785e+00   1.4636882e+00  -9.7815828e-01   4.4315716e-01  -1.4236918e+00   4.1939181e-01  -8.0368944e-01   1.0338239e-01
   2.0000000e+00   9.4779139e-01   9.2347021e-01   5.8297873e-01  -2.1503694e-01   1.1665204e+00  -4.5673057e-01   4.8875303e-01  -2.2243934e-01   1.3259638e+00   9.9664550e-02
   2.0000000e+00  -5.5254309e-01   8.3704693e-02   9.1303897e-01   1.6662472e+00   1.1324262e+00  -1.0481800e+00   6.8783644e-01   5.4626615e-01   5.4144164e-01  -9.4453396e-01
   2.0000000e+00  -6.9285354e-01  -1.1682830e+00   6.8770744e-01  -1.1938739e+00   9.1995788e-01   5.4419198e-01   1.1068711e+00  -2.1378287e+00   1.6424722e+00  -5.1916544e-01
   2.0000000e+00   1.4491751e-01  -1.1613247e+00  -3.4673041e-02   1.0594887e+00   2.8239829e-01  -1.4806186e-01  -6.0840933e-01   6.2733779e-01  -1.9670556e-01   9.9149456e-01
   2.0000000e+00  -1.6114706e+00   1.1528857e-01   2.8037217e-01  -2.1423819e+00   1.7992577e+00   4.2293670e-02  -4.5396937e-01   1.4997091e+00   4.5043340e-01   1.1863357e+00
   2.0000000e+00   1.6043962e+00   5.2828859e-01  -1.8421961e+00  -1.3476372e+00   2.5957858e+00  -1.7538795e+00   2.1378029e+00  -4.6385079e-01  -4.5269012e-01  -8.3873704e-01
   2.0000000e+00  -1.7036034e+00   1.0921102e+00  -1.6857487e-01   1.2320240e+00  -1.5202016e+00   3.4228359e-01   1.7886897e+00  -6.3022258e-01  -1.7975957e-01  -1.5097398e+00
   2.0000000e+00  -4.1657372e-01   1.0313153e+00   6.1070996e-01   1.1660746e+00  -3.1603357e-01  -9.8665110e-01   1.2268602e+00  -1.5210632e-01  -2.2937832e+00   3.7573834e-01
   1.0000000e+00   6.4518190e-01   2.8777560e-01  -2.0754170e-01  -6.3025923e-01   9.3279752e-02  -8.5269954e-03   9.1292064e-01  -4.6972592e-02  -1.1037513e+00   7.0495543e-01
   2.0000000e+00  -5.2718391e-01   7.6861535e-01   8.8545860e-01  -1.4909563e+00   1.3485017e+00   3.6118609e-01   2.9100680e-01  -1.4862115e+00   3.1586311e-01   9.5545808e-01
   2.0000000e+00   1.8173292e+00  -9.1794259e-01  -6.0632997e-01   1.2926216e+00  -1.2403537e+00   1.5838017e-01  -1.9226756e+00   1.3106823e+00  -4.8047698e-03  -2.2986800e+00
   2.0000000e+00  -1.4715455e+00   6.2643645e-01  -1.3993640e+00   9.3275734e-01  -2.5409854e-01   6.0338937e-01  -3.6658035e-01  -1.9498458e-01   1.8176090e-01   1.4832152e-01
   2.0000000e+00  -8.0514013e-01   2.8028209e-01  -5.5301287e-01  -7.6146564e-01  -4.0019905e-01  -1.3689970e+00  -9.3740017e-01  -1.5245126e-01   1.3913072e+00   3.6567099e-03
   2.0000000e+00  -1.0736298e+00   1.6299297e+00  -3.2862030e-01   6.7959173e-01  -3.8924338e-01   4.4606523e-02   1.5773005e+00   1.2573283e-01   4.1040378e-01  -3.9586575e-01
   2.0000000e+00   1.3213537e+00   2.1217661e-01  -1.0105114e+00   6.7758653e-01   7.0302563e-01   7.2315342e-01  -1.1596250e+00  -1.0942648e+00   2.8815470e-01  -1.8810973e+00
   2.0000000e+00   3.3506468e-01   5.8926724e-01  -1.6807753e+00   1.0206614e-01  -1.3740838e+00   1.3298094e-01  -4.8668714e-01  -1.2984234e-01   1.5926962e+00  -6.1766288e-01
   2.0000000e+00   4.8470798e-01   1.1356033e+00   3.3652427e-01  -1.4776785e+00  -9.6259317e-02  -1.2562850e+00   2.2338967e-01  -2.5616906e-01   7.1097033e-02   1.5431026e+00
   2.0000000e+00   8.0948234e-01   2.9847102e-01  -1.5856024e+00  -2.2779741e-01   1.6970046e+00   1.3640276e+00  -1.1166427e+00   1.0533198e+00  -2.0362045e-01   8.0221901e-01
   2.0000000e+00   1.5149190e-01   5.6197501e-01   8.7053548e-01   3.0898589e-01  -6.0979399e-01   1.3895959e-01  -1.0765344e+00  -9.0347963e-01   1.4739401e+00   3.9395979e-01
   1.0000000e+00   1.5738045e+00   2.1936486e+00   1.2245801e+00   4.4328037e-01   1.3659962e-01   1.4860586e-01   1.1346613e+00  -2.6220972e-01  -4.1131954e-01  -2.6288960e-01
   1.0000000e+00   1.6387005e+00  -1.7759702e-01   9.2797682e-02   1.2280880e+00   4.4528252e-02   3.0131003e+00   8.7337570e-01   4.4708326e-01  -4.6076332e-01  -1.4685767e-01
   1.0000000e+00  -6.0682830e-02   9.2626824e-01  -1.7006239e+00  -1.4716905e+00   8.8088557e-01  -7.2905745e-01   7.0494827e-01  -6.1656932e-01   1.0531037e+00  -8.5992128e-02
   2.0000000e+00  -9.9040896e-02  -2.0194850e+00   1.2869183e+00   1.2143186e+00   2.8489702e+00   2.1824630e+00  -8.1783792e-02  -1.0011729e-02   3.3329829e-01   9.3995229e-01
   2.0000000e+00   1.5530756e+00   1.4021903e+00   3.1501275e+00  -6.8404814e-01  -1.4417005e-01  -1.7881736e-01  -7.9594905e-01  -9.1507868e-01   5.3816719e-01  -3.2923824e-01
   2.0000000e+00   1.3084762e-01   9.4483521e-01  -8.7517605e-01   1.1586265e+00   1.6552083e+00  -8.3125962e-01  -5.8694761e-02  -1.0973096e+00  -3.5990786e-01  -9.4497820e-01
   2.0000000e+00  -9.2067984e-01   8.3247185e-01   1.8021817e+00   1.0547957e+00   8.6944151e-01  -5.6158361e-01   1.4294332e-01  -9.9247996e-01   1.9988452e+00  -9.4285576e-01
   2.0000000e+00  -1.6207735e+00   5.2581693e-01   1.7871672e+00  -8.1949498e-01  -7.4638606e-01   4.2630269e-01   2.7560847e+00   4.1914082e-02   9.3237467e-01   5.5947320e-01
   2.0000000e+00   5.8116666e-01  -5.4342935e-01  -1.3540492e+00  -1.1677508e+00  -6.9624898e-01   4.4359022e-01   7.0632271e-01  -3.6788811e-01   1.1325999e+00  -3.0739691e-01
   2.0000000e+00  -1.6516243e+00  -2.8482452e-01   7.2575127e-01  -5.0812591e-02  -7.0602750e-01  -1.6668241e-01  -1.7035948e-01   1.3911040e+00  -1.9075681e+00   5.9451449e-01
   2.0000000e+00  -9.4872262e-01   8.6090829e-01  -4.8449953e-01   1.5173355e-01  -7.4066184e-01   3.5212595e-01  -5.8912555e-01  -1.1662244e+00   1.4846455e+00   8.6523618e-01
   2.0000000e+00  -5.0458176e-01  -6.1054236e-01  -1.5554822e-01  -1.3234418e+00  -3.4667459e-01  -1.9450007e-01  -1.5921489e-01   1.1105109e+00   7.1775475e-03  -1.0531514e+00
   2.0000000e+00  -8.0812671e-01   1.1520402e+00  -1.3956276e+00  -2.2908479e+00  -9.9483829e-01   5.7519020e-01   1.8400583e+00  -1.8832385e+00   7.9560494e-01   8.5754033e-01
   1.0000000e+00   8.7363954e-01   6.0280440e-01   5.9638028e-01  -1.5107225e-01   7.6443632e-01  -1.6136125e+00  -1.6870590e-01   1.7849062e+00  -3.3881350e-02   1.8673025e-01
   2.0000000e+00   8.9222987e-01   8.7657451e-01  -7.7221243e-01  -9.7867478e-02  -2.2443843e-01  -4.6928734e-01   1.0821860e+00  -4.0147729e-01   1.9751888e-01   5.8604965e-01
   1.0000000e+00   1.0227278e-02   1.7631400e+00   1.6383662e+00  -1.9221997e+00   4.1396431e-01  -3.4715796e-01   6.2837962e-01   1.7241515e+00   6.7129355e-01  -4.3913925e-01
   2.0000000e+00   3.5729943e-01   1.0852332e+00   1.5385672e-01   1.3436535e-01   2.4945971e-01  -2.0423885e-01  -6.0907056e-01  -8.8047311e-01  -3.8407354e-01   1.0806258e+00
   2.0000000e+00   2.1452007e+00   7.1382874e-01  -3.3855207e-01   1.3591718e+00  -1.8296020e+00  -6.5793978e-01   5.4483970e-01   8.3632742e-01  -5.3606699e-01  -4.8806487e-01
   2.0000000e+00  -2.5577559e-01   1.4507539e+00  -3.5055164e-01  -7.4062619e-01   1.3290756e+00  -6.4425486e-01   3.8399974e-01  -1.3534694e+00  -1.5239173e+00   3.6940513e-01
   2.0000000e+00   3.2499072e-01  -2.9522010e+00   7.5031586e-01  -3.5830037e-01  -1.1183798e+00  -1.1805847e+00   4.1584151e-01  -7.2092367e-01   7.1105021e-01   3.8413296e-01
   2.0000000e+00  -3.5460109e-01  -3.6516185e-01  -7.0824112e-01   1.2889494e-02   1.6002754e-01   6.5928172e-01  -8.8538352e-02   1.1270967e+00   2.6381188e+00   1.3969911e+00
   2.0000000e+00  -7.6845153e-01   2.7203737e-01   8.2937273e-01  -2.6636193e-01  -2.5055336e-01  -7.0395510e-01  -2.2064326e+00   4.1902715e-01  -1.0858843e+00  -5.6245370e-01
   2.0000000e+00   6.8291081e-02   6.1397081e-01  -1.4191059e+00   1.5951341e+00  -8.2438943e-01   1.1493187e+00  -4.0347655e-01   3.6514849e-01  -7.1535238e-01  -1.3481261e+00
   2.0000000e+00  -2.0569948e+00   2.0606659e+00   1.3007112e+00  -3.2499921e-01  -5.1514724e-01  -9.6233778e-01   9.0191671e-01  -1.5064719e-01  -2.7226114e-01  -3.1732342e-01
   2.0000000e+00  -1.3005313e+00   3.0091759e-01   1.0423534e+00  -1.6444674e-01   3.3265664e-01   7.0017745e-01   1.1997933e+00  -1.6051894e+00  -1.2673116e+00   1.1311584e+00
   2.0000000e+00   7.7071342e-02   1.9386658e+00   1.9903016e-01   5.7905716e-02   9.9132858e-02  -1.7391941e+00   8.8178327e-01  -8.5991614e-01   3.8531810e-01  -1.5273083e+00
   2.0000000e+00   2.0286929e-01  -5.1205773e-03  -1.5824082e+00  -6.2160098e-01  -4.2834978e-01  -3.1153908e-01   6.1783872e-01  -4.5046175e-01  -5.0243709e-01   1.6537825e-01
   1.0000000e+00   2.0589078e+00  -1.4793704e+00   7.5703358e-01   1.2906373e+00   4.9020913e-02   2.9541446e-03   8.7790179e-02   1.4270088e+00  -5.0253027e-02   3.9360402e-01
   2.0000000e+00  -1.7202763e-01   1.1479823e+00  -7.5738387e-01  -5.0899783e-01  -4.3368560e-01   6.4900406e-02  -1.0829405e+00   8.9357106e-01  -9.9454597e-01  -1.3480780e-01
   1.0000000e+00   1.3826968e+00   9.6481542e-01  -5.1267786e-01   4.0234821e-01   4.3020493e-01  -3.4954429e-01  -6.1411209e-01   1.6132579e+00   7.1678577e-01   2.1226458e-01
   1.0000000e+00  -1.8826312e+00  -2.0978419e+00   1.0605536e-01   3.4355528e-01   2.4934342e-01   5.4148424e-01  -1.6319382e+00  -1.1500770e+00  -8.7996121e-01  -3.1213161e-01
   2.0000000e+00   7.5556588e-01   8.0300423e-01   3.3574289e+00  -1.7245729e+00  -3.5836084e-01  -1.2311575e+00  -2.2426398e+00  -1.5355279e+00  -6.0897976e-01  -1.4083695e-01
   2.0000000e+00  -1.4753414e-01   1.7556857e-01  -1.9745391e-03   9.0629222e-02  -4.7065342e-01   3.4849284e-01  -4.0608266e-01  -9.6771194e-01  -1.1904953e+00  -1.0210728e+00
   2.0000000e+00   1.3898091e+00   1.0272379e+00   5.1976306e-01  -3.7728550e-02  -4.9093200e-02   3.1559063e-01  -1.3437518e+00  -1.8333691e+00   5.5503817e-01  -1.6733749e-01
   2.0000000e+00   1.0536781e+00   2.4720177e-01  -4.4642070e-01   5.4830500e-01   2.0002747e-01  -1.7902874e-01   1.4124895e+00  -1.5948609e+00   1.7300745e+00  -1.4285653e+00
   2.0000000e+00  -1.4430920e-01  -1.1187014e+00   2.4114563e-01  -1.6566618e-01  -1.0436232e+00  -2.7419448e-01  -3.9679895e-01   6.6731101e-02  -1.6871082e-01   6.9496386e-01
   2.0000000e+00  -1.4285333e+00   7.1365948e-01  -3.9036188e-01   1.1004061e-01  -1.1183307e+00  -6.6533475e-01  -1.0150449e+00  -2.1166497e+00  -1.2381582e+00  -5.5127081e-01
   2.0000000e+00  -6.2386515e-01   2.4670835e+00   4.0698041e+00  -1.8461666e+00  -1.6567404e-01   2.7089730e-01  -2.3944534e-01   1.4112160e+00   1.4771690e+00   7.0696362e-01
   2.0000000e+00  -9.8490473e-01  -2.2532737e+00  -1.8045360e+00   1.2498493e+00   1.5860637e+00   5.3392895e-01  -1.5266902e-01   1.7146035e-01  -3.4740272e-01  -3.9838079e-01
   2.0000000e+00   2.4061651e+00   1.5578525e+00   2.3394546e+00   1.0455964e+00   8.1541722e-01   1.3999280e+00  -1.4627919e+00  -4.6643319e-01  -1.6885017e+00   4.0394513e-01
   2.0000000e+00  -2.3363317e+00  -1.3566139e-01  -4.1473706e-01  -1.1673830e+00  -1.6728465e+00  -2.8917569e-01  -1.5137716e+00   2.7502619e-01   2.6087942e+00   9.9099248e-01
   2.0000000e+00   8.0740760e-01  -4.6374232e-02   6.6250273e-01  -7.0491228e-01  -4.1340476e-01  -1.6558554e-01   4.5739730e-01   1.7898136e-01   6.2146475e-01   1.1202553e+00
   1.0000000e+00  -1.1818732e-01   1.2772837e+00   2.7357902e-01  -1.0599094e+00   7.5445243e-01  -7.9613094e-01   3.2927242e-01  -9.5535074e-01   5.3594321e-01   3.5655866e-01
   2.0000000e+00   1.5212322e+00   2.4990430e-01  -1.2495179e+00  -2.7650115e-01  -8.7598500e-01   5.5972952e-01   1.3274323e+00  -6.6555737e-02  -1.9884699e-02   1.1539858e-01
   2.0000000e+00  -9.9509808e-01  -2.1791852e+00   3.1688661e-02   1.0336520e+00   2.4499205e+00  -4.6616838e-01  -2.0131496e-01   5.4641559e-01   1.2752942e+00  -1.2759277e+00
   2.0000000e+00  -5.8094756e-01   1.8755611e+00   1.0916160e-01   2.0369201e+00   1.0504137e+00  -7.2586443e-01   6.7366571e-01  -2.9296872e-01   1.4234290e+00  -8.3007032e-01
   2.0000000e+00  -3.6409867e-01  -2.3088634e-01   8.0875127e-01  -4.4286387e-01  -9.8626197e-01  -7.3362315e-01   9.1172903e-01   7.6332502e-02  -1.5280064e+00  -4.9123186e-01
   2.0000000e+00  -9.5293860e-03  -1.1742647e-01   3.7880500e-01  -1.3849165e+00   5.6052395e-02   1.1100302e+00  -4.4294298e-01  -6.0765882e-01  -4.4479222e-01   2.5326269e+00
   2.0000000e+00   1.2542266e+00   1.5002024e-02  -9.6604829e-01  -1.2758674e-01  -4.7615807e-01  -1.6719322e+00  -1.5655002e+00  -3.9260330e-01  -1.5997746e+00   2.8201920e-01
   1.0000000e+00  -1.2546357e-01  -4.8520049e-01  -3.3507100e-01  -6.9038440e-01   8.1046595e-01  -7.3848221e-01   2.9518411e-01   1.2924871e+00   4.9073612e-01  -2.3337750e-02
   2.0000000e+00  -3.6348999e-01   7.7999669e-01   2.8213429e-01   6.4876849e-01   6.3938509e-01   2.1061031e-01   9.9001184e-01   1.1407133e+00  -2.7980295e+00  -1.2188153e+00
   2.0000000e+00   5.4957044e-01   4.2147910e-01   9.9993494e-01  -1.1392399e+00  -1.3087493e+00   1.5957566e+00  -4.5829961e-01  -6.5233003e-01  -3.8392196e-01  -4.3664718e-01
   2.0000000e+00   8.9760511e-01  -3.8633118e-01  -6.3739576e-01   6.8378669e-01  -3.5945276e-01  -2.2178953e+00   2.2353359e-01  -6.2426857e-01   4.2942186e-01  -1.0059837e+00
   2.0000000e+00   6.5401115e-01  -1.3663396e+00   1.6789466e+00   4.3534628e-01  -3.5492785e-01   1.0458333e+00  -7.9387994e-01  -5.5379520e-01  -1.2105264e+00   9.6862834e-01
   2.0000000e+00  -8.5957238e-01  -3.4226071e-01  -6.8483113e-02   2.4404123e-01   1.7975087e+00  -1.5592923e-01  -1.2282139e+00  -7.0345085e-03  -1.0510696e+00  -3.1430271e-01
   2.0000000e+00   7.0454750e-02  -4.5262977e-01  -1.2299586e+00   5.6602110e-01   3.9352970e-01  -4.3243545e-01  -6.4194268e-01  -2.7401564e-01  -1.1477238e-01  -1.2077329e+00
   2.0000000e+00  -1.3554791e-01   1.8412502e-01  -9.1201448e-01  -6.1704576e-01   2.0908064e+00   9.3419351e-01   1.0181361e-01   3.6259023e-01  -1.3128829e+00  -9.1497938e-01
   1.0000000e+00   8.8114688e-02  -9.4538818e-01   9.7595805e-01   6.9407677e-01   4.7831182e-01  -5.1295995e-01   3.3893937e-01  -6.2758171e-02   4.8519987e-01   2.7871974e-02
   1.0000000e+00  -1.3607848e+00  -3.0142748e-01  -1.4666474e+00  -6.1359682e-01   3.4987458e-01   1.1975274e+00  -1.6482787e+00  -1.6951592e+00   3.5104707e-01  -4.5797201e-01
   2.0000000e+00   1.2981202e+00   7.6771198e-01  -5.5471249e-01  -1.9544907e-01  -6.9523820e-01   1.1343592e+00  -1.0679501e-01   1.3023719e+00   1.1156380e+00   3.8056585e-02
   1.0000000e+00  -9.0631471e-02  -1.6229899e+00   9.3091954e-01   1.4100968e+00   2.3517313e-01  -1.9145226e-01  -3.9894195e-01  -5.4225729e-01  -1.2628292e-01  -6.3337961e-01
   2.0000000e+00   5.4077402e-01  -1.1126163e+00  -4.7757965e-01  -2.7187073e-01  -1.0206651e+00  -9.6471741e-01   9.4708648e-02  -5.8485685e-02   1.4157574e-01   1.4989131e+00
   2.0000000e+00   3.8365527e-01  -8.0463550e-01  -5.2792655e-01  -4.9985450e-01  -1.0926428e+00   2.0047645e+00   3.0451001e-01  -1.5271579e+00  -1.1496055e+00   2.4859937e+00
   1.0000000e+00   6.9951514e-01  -5.5428900e-01   8.1218749e-01   4.6784774e-01   1.5118269e-01   1.5854302e+00  -1.0157755e+00   6.4942425e-01  -2.5648079e-01  -5.1257420e-01
   2.0000000e+00  -1.5900144e+00   7.6982638e-01  -1.9025500e+00  -5.8755725e-01  -5.6332844e-01  -6.0436122e-01  -7.4085737e-01  -1.3660678e+00   1.5655276e+00   1.6674418e-01
   2.0000000e+00  -1.4344695e+00   1.5609170e+00  -2.3496761e-01  -3.4679510e-01  -9.0099547e-01   1.0112180e+00  -6.8487813e-02  -1.8218654e+00  -3.5030121e-01   1.6111406e+00
   2.0000000e+00  -2.1434666e+00   1.4786180e+00   1.8680003e-01  -8.7230972e-01   1.5140626e+00   5.8328069e-01   3.8142879e-01  -4.8914397e-03   8.0420025e-01   2.7036427e+00
   2.0000000e+00   5.8004855e-01   1.2346789e+00   7.9459312e-01   6.2597493e-01   1.5316985e+00   2.9542618e-01   3.3871006e-01   6.8095431e-01   4.1033400e-01  -1.6592317e+00
   2.0000000e+00  -1.8482344e+00  -9.2647085e-01   1.9296764e+00   8.8418734e-01  -8.2111994e-01  -2.8687559e-01  -7.6836524e-02  -1.1233346e-01  -1.1204007e+00  -1.3927509e+00
   2.0000000e+00  -1.5810650e+00   1.3457119e-01  -7.2089633e-01  -2.4360344e-01  -1.0496521e+00   9.4321412e-01  -4.2779102e-01  -3.5224306e-01   6.5532413e-01   3.8501300e-01
   2.0000000e+00  -4.5776146e-01  -4.5955778e-01  -4.1663873e-01   1.0180411e-01   2.1189406e-01   7.3887903e-01  -1.1137348e+00   8.2226428e-01   3.4961250e-02   1.4397958e+00
   2.0000000e+00  -1.7122164e+00  -9.2663758e-01  -1.0934778e+00   6.3314226e-01   9.9964723e-01  -1.2416032e+00   6.6069784e-01  -7.3203501e-01   7.6603385e-01   1.0409413e+00
   1.0000000e+00   1.4704670e+00   1.3486832e+00   3.0764791e-01   5.1978881e-01   6.5606858e-01   1.9239565e-01  -1.9097129e+00  -1.2057694e-01   1.8041655e-01  -1.5358662e-01
   1.0000000e+00   1.2531327e+00  -2.9839384e-01   6.4084718e-01  -5.6918566e-01   2.7559715e-01   1.0135240e+00   1.0613806e+00   2.7475907e-01  -5.8270252e-01   4.6774777e-01
   2.0000000e+00  -8.2331201e-01   1.3172783e+00  -1.2582899e+00  -2.2531640e-01   6.8377629e-01  -1.6390991e+00   1.1415413e+00   1.3202808e+00   1.9057029e+00  -5.8785485e-01
   2.0000000e+00   2.2443780e-01  -6.6877889e-01  -1.5099223e+00  -1.3883293e+00  -1.6422273e+00  -9.3731687e-01  -1.3619048e-01   1.3047370e+00   1.8343023e-01  -1.3417260e-01
   2.0000000e+00  -1.1169478e-01   1.5545282e+00   6.8734014e-01  -7.6266154e-01  -3.5205190e-02   4.0059227e-01   1.2582208e+00   1.1451437e+00   2.2315862e-01  -1.0307288e+00
   2.0000000e+00  -1.0302650e+00  -8.5007578e-01   2.0997948e+00   4.7035390e-01  -2.7616696e-01  -6.2480197e-01  -1.2344763e-01   7.4786549e-01  -9.9006080e-01   1.9659290e-01
   2.0000000e+00  -6.8198134e-01  -1.0653804e+00   3.9861638e-01  -7.0524621e-01   9.4775592e-01   2.2659667e-01  -5.2495651e-01   7.5489912e-02  -1.7790654e+00  -3.5929178e-01
   2.0000000e+00  -3.9679110e-01   1.1533304e-01  -1.1057299e+00   8.6104765e-01   1.3342704e+00  -1.9407712e+00  -4.6913834e-01  -1.4086819e+00   1.2333583e+00   2.6368700e+00
   2.0000000e+00   3.1228365e-01  -6.1188945e-01  -1.4105836e+00   1.9695511e+00   1.0251178e+00  -4.7419601e-01   1.2776729e-01  -9.6962184e-02   1.5558303e+00  -2.7447188e-01
   2.0000000e+00   7.1668100e-01  -7.6202276e-02   9.1674855e-01   2.2997217e-01  -1.9492172e+00  -1.1068515e+00   6.6814843e-01   2.9239750e-01   2.0684661e-01  -6.1511987e-01
   2.0000000e+00  -1.5581344e+00  -5.1877605e-01   6.3102345e-01  -2.8444500e-01  -1.7078326e+00   3.4663952e-01  -1.4260958e+00  -6.1190065e-01  -8.3942861e-03  -2.2538759e+00
   2.0000000e+00   7.8273265e-01  -6.0360611e-01   1.7546503e-03  -1.1570701e+00   6.2735391e-01  -5.4936040e-01  -2.6755839e-02   1.6383210e-01  -1.0201745e+00  -1.8449905e+00
   2.0000000e+00   3.6965285e-01  -7.7526362e-01   5.2612845e-01   1.3148853e+00   9.0437032e-01   1.1737408e+00  -6.1458651e-01   4.9283272e-01  -1.0797976e+00   4.6575256e-01
   2.0000000e+00  -8.3818907e-02   2.2653617e+00  -6.1700522e-01  -1.4175161e+00  -1.4528679e+00   8.6362863e-01   2.0138839e-02  -1.4259113e+00   1.8702942e+00  -1.6706708e+00
   1.0000000e+00   2.5439097e+00  -1.2469063e-01  -4.7720983e-01  -1.9539052e+00   5.8721559e-01   1.4437934e-01  -2.1656585e-01  -1.0124457e+00  -2.0065262e-01  -3.2522251e-01
   2.0000000e+00   8.1379336e-02  -2.6499845e-01   5.0072207e-01   4.7276935e-01  -1.5966305e+00  -7.7738234e-01   7.2085208e-01  -7.8916643e-01  -1.5032867e-01  -5.0463066e-01
   2.0000000e+00   1.6391996e+00  -8.6009616e-01  -1.0940041e+00   9.4898668e-01  -6.2199274e-01  -1.1446275e+00   1.4954402e-01  -7.5079240e-01  -1.1605414e+00  -4.0155803e-01
   2.0000000e+00  -1.3284718e+00  -3.1438027e-01  -1.9612196e-01  -6.3653971e-01  -9.4076753e-01  -1.3350996e-01   1.1446846e+00  -3.7401380e-01  -2.8235749e-01  -8.5143811e-01
   2.0000000e+00   5.4223955e-01   2.2516166e-01  -1.5298620e+00   6.8166851e-01   1.4475180e+00   5.2161804e-01  -2.7665406e-01  -1.9039703e+00  -2.6824709e-01  -2.1315246e+00
   1.0000000e+00   1.3106693e-01   3.4379866e-01   1.4589398e+00  -4.4072317e-01   2.1400513e-01  -9.1765476e-01   4.5279351e-01  -4.3913214e-01   1.2139028e+00  -6.4998147e-01
   2.0000000e+00  -4.3371600e-01   1.4778192e+00   7.9676459e-01  -4.1911084e-02   1.3772843e+00  -4.3967747e-01  -1.2323833e-01  -5.4557372e-01   7.9675573e-01  -3.8148479e-01
   2.0000000e+00  -5.0149391e-01  -1.6009140e-01  -5.8596167e-01  -4.6353873e-01  -1.0102635e+00   1.6382308e+00  -1.4344081e+00   1.3727636e+00   6.4407987e-02  -7.7379325e-01
   2.0000000e+00  -9.4243261e-01  -1.7766710e-01   1.5634231e+00  -8.3777618e-02  -1.1899213e+00  -7.7810524e-01   1.8312051e-01  -5.8879443e-01   2.7160617e-01   8.3924012e-01
   2.0000000e+00  -1.4037455e+00  -1.8618051e+00  -2.8621598e-01   2.2130504e+00  -9.7812263e-01  -6.6861894e-02  -5.6969789e-01   1.3518512e+00  -1.4307987e+00   2.4231935e-01
   1.0000000e+00  -1.4537257e+00  -4.4413835e-01  -1.6486863e+00  -1.4612180e-01   1.8663235e-01  -3.2875509e-01  -1.6011371e+00  -4.6353319e-01  -1.4132708e-01   6.4330808e-01
   1.0000000e+00   5.8147090e-01   3.1372207e-02   3.0632476e-01  -5.0646669e-02   7.0674850e-02   2.0581795e+00   8.4115138e-01   4.6578838e-01  -9.8213969e-01   6.3704715e-01
   2.0000000e+00  -6.9944626e-01  -1.1698457e+00  -1.3821781e-01  -2.6577286e-01   6.9617401e-01  -3.4552870e-01   1.3345355e-01   1.6273039e+00   2.3386641e+00   1.0932066e+00
   2.0000000e+00   5.4559879e-01  -1.1308363e+00  -1.2765050e+00  -9.9255594e-01   5.6173505e-01   2.2172715e-01  -6.7389143e-01  -1.7855109e-01   1.7409033e+00  -8.7440428e-01
   2.0000000e+00   8.6784842e-02   8.6399531e-01  -1.9290730e-01  -5.6838817e-01   1.3079632e+00  -4.0619230e-01   9.3040538e-01   2.3885377e-01   1.5604961e-01   1.1853921e+00
   2.0000000e+00   1.0958048e+00  -9.7433787e-01   2.1894401e+00   2.4358898e+00  -1.5813258e-01   2.5463290e-01  -4.6963422e-01   1.3713467e+00  -1.1347172e+00  -8.0123797e-02
   2.0000000e+00  -3.9208520e-01   2.0764351e-01  -9.1547095e-01  -1.1772597e+00  -1.0457225e+00  -1.8964264e+00   5.2972667e-01   6.2417317e-01   2.3910818e-01   4.0984428e-02
   2.0000000e+00  -8.9146052e-01  -4.8732928e-02   6.4966776e-01  -3.2961504e-01   4.7223849e-01   1.5159365e+00   1.5231566e-02   1.2117073e-01   3.3564282e-01  -1.1017500e+00
   2.0000000e+00   1.5727942e+00  -5.7636336e-02   1.1996432e-01  -4.1548515e-01  -1.1491110e+00  -1.7914534e-02  -8.5692863e-01  -5.1186011e-01   8.8781560e-02  -6.9530678e-01
   2.0000000e+00   8.0422539e-01   4.1647614e-01   7.3741513e-01   8.1936641e-01   5.0457988e-01  -7.7068122e-01   9.5066116e-02   1.5989602e+00  -5.8852198e-01  -1.0794582e+00
   2.0000000e+00   4.3168721e-01   6.6256912e-01  -3.1980766e-01   2.5757678e-01   1.6611406e+00  -3.3695043e-01   2.0766898e-01  -2.8276882e+00  -8.9404062e-01   4.4198608e-01
   2.0000000e+00   2.7865929e-02   2.5531051e-01   1.4065835e+00  -2.9765295e-01   3.7475472e-01   8.9876450e-01  -1.0018353e+00  -4.2835648e-01  -9.7029366e-01  -1.0570594e+00
   2.0000000e+00   8.0801343e-01  -1.0751356e+00   1.0668087e+00   5.9236943e-01   6.2342248e-01  -1.0116875e+00  -4.7379918e-01  -3.8618129e-01  -1.6295596e+00  -1.1016162e+00
   2.0000000e+00  -4.0656673e-01  -8.2759648e-02  -5.1690747e-01   7.9694453e-01  -1.1843070e+00  -1.0978668e+00   1.4863564e+00  -1.6187538e+00  -1.4464403e-01  -2.7067798e-01
   1.0000000e+00  -1.9056848e+00  -9.1738398e-01  -1.2096844e+00   2.0427900e+00   6.7621244e-02  -2.2895898e-01   6.8576578e-01  -2.3335027e-01  -1.3580175e+00  -2.8950034e-01
   2.0000000e+00   8.5733728e-01  -7.9425294e-03   6.5995340e-01   2.6243742e-02   2.0673162e+00   9.9257552e-01   4.4892579e-01  -2.1675725e-01   6.5315661e-01   1.2087085e+00
   2.0000000e+00  -1.1863337e-01   9.8366561e-02  -5.6021579e-01   1.2488523e-01  -3.3690853e-01  -1.3938776e+00   4.7544507e-01  -1.2891738e+00   1.0848806e+00   6.1351423e-01
   2.0000000e+00  -1.0816430e+00  -6.7154453e-01   8.3285798e-01  -1.5744432e+00  -3.2628183e-01   5.7299136e-01  -4.6365735e-01   1.1082471e+00   4.3911326e-01  -8.7770537e-01
   2.0000000e+00  -7.2115317e-01  -7.6060888e-02   9.7275408e-01  -7.3445984e-01   8.1246466e-01   1.0985008e+00   2.8412618e-01  -2.8503299e-01   4.8292403e-01   1.5841865e+00
   1.0000000e+00  -3.1843903e-01   1.8480999e-01   3.8685899e-02   1.0461146e+00   8.7250266e-03  -1.3240841e+00   1.0856652e-01  -7.9575026e-01  -6.2843292e-01   3.1572795e-01
   2.0000000e+00   8.5345164e-01   3.0245007e-01   1.8063404e+00  -5.6293873e-01  -4.7421022e-01  -5.6684715e-01  -4.6680248e-01  -3.3928385e-01   9.6181746e-01   2.3104970e-01
   1.0000000e+00   1.7071707e+00  -1.0294155e-01  -1.1786106e+00  -1.5217715e+00   3.1881588e-01   9.9637860e-01   2.7967614e-01   5.9620693e-01   9.9584604e-01  -2.6371043e-02
   2.0000000e+00   1.2078863e+00  -1.8703625e+00  -1.3474516e+00   1.6950861e-01   1.0368733e+00  -6.3507368e-01   1.5515877e+00  -5.9586839e-01  -6.6249564e-01  -5.8040403e-01
   2.0000000e+00  -6.4270090e-01  -1.5959704e+00   5.7931788e-01  -2.0749898e-01   1.8042750e+00  -7.4936961e-01  -3.0833306e-01   1.5206636e+00  -3.2618986e-01   8.1125019e-01
   2.0000000e+00   1.2680379e+00  -1.1021047e-01  -2.8499482e-01   5.1715039e-01  -4.3182594e-01   3.5433565e-02  -2.3186452e+00  -2.5714025e-01  -1.0018089e+00  -7.1794538e-01
   2.0000000e+00   1.6060752e-01  -7.0793319e-01   1.6836715e+00   6.2357517e-01  -8.6174156e-01  -8.9805896e-02  -4.0925432e-01  -4.5940377e-02  -7.9557528e-01   3.2370440e-01
   2.0000000e+00  -1.0015192e+00  -1.3474788e+00  -1.5433699e+00  -1.4362741e+00  -8.6950598e-01  -1.2541145e-01  -1.3114459e+00   2.9485043e-01  -6.1504460e-01   3.4842607e-01
   2.0000000e+00  -1.5564486e+00   6.2702282e-01   1.5805650e+00   2.7406520e-01  -1.2740708e+00   4.5041910e-01   1.0474384e+00   9.7217766e-01   6.0103269e-01  -3.2979570e-02
   2.0000000e+00   1.1851619e+00   2.2325397e-01   2.9778317e+00  -8.8477277e-01  -4.5786459e-01   1.4789326e+00  -1.2102213e+00  -2.6896519e+00  -4.2293386e-01  -7.9703121e-01
   2.0000000e+00  -8.5441807e-01  -4.7916520e-01   1.4061131e-01  -7.0855517e-02  -1.2449420e+00  -7.3418801e-01   1.3952134e-01   2.7558722e-01   9.6271593e-02  -1.4342312e+00
   2.0000000e+00   1.0833536e-01  -1.3004468e-01   8.6827539e-01   1.9293518e-01   1.6500636e+00   8.9772466e-01   2.7837478e-01   3.2602176e-01   5.2573973e-01  -8.1430070e-01
   2.0000000e+00  -1.2456048e+00   1.9331075e-01  -4.7832793e-01   1.3385232e+00  -1.3523303e+00  -5.9023578e-01   8.3868456e-02  -1.1557820e+00   2.8166904e-01  -6.4674608e-01
   2.0000000e+00  -2.9548887e-01   6.0895439e-01  -3.3493999e-01  -1.1845778e-01  -1.4755011e+00  -1.2703009e-01   3.0411500e-01  -1.3450525e+00   6.7339644e-02  -5.3079827e-01
   2.0000000e+00   4.0404899e-02  -1.3434931e+00  -3.7340483e-01   1.4200851e+00  -1.8545552e-01   1.9797220e+00  -1.0331317e+00  -7.9120271e-01  -2.6254809e+00  -1.5506059e+00
   1.0000000e+00   3.3335587e-01   1.9073083e+00   4.5091972e-01  -2.2732064e-02   1.9625345e-01   4.7249523e-01  -5.2103563e-01   1.2362985e+00   7.4551986e-01   2.9792119e-01
   2.0000000e+00  -7.8773251e-01  -1.8062032e+00   1.0559706e+00   1.2300127e+00   5.4209248e-01  -1.0361902e+00   9.2922863e-02  -8.1467708e-01   8.5691074e-01  -1.1019451e+00
   2.0000000e+00  -1.5947510e+00  -1.2232387e+00   6.4230754e-02   2.1844406e-01   1.0298574e+00   1.1201466e-01  -2.6429828e-01   1.8100429e+00   1.8679242e+00  -7.2282515e-01
   2.0000000e+00  -1.1024389e+00  -1.6645582e-01   1.2988753e+00   7.2230489e-01  -1.5899059e+00  -1.7212353e+00  -6.6483609e-01   1.1410588e-01   6.4499253e-01  -1.1959062e+00
   2.0000000e+00   1.8049373e+00   1.3466921e+00  -3.6577430e-01  -4.7390782e-01  -1.0113736e+00   2.6061994e-02   2.8151260e-01  -7.1192332e-01  -1.3516312e+00   1.1403832e+00
   1.0000000e+00  -4.3444845e-01  -1.0970836e+00   1.1784753e+00  -1.6220721e+00   5.4129856e-02  -1.4507484e+00   8.8780112e-01  -3.3722631e-01  -9.9061260e-02  -5.0222240e-01
   2.0000000e+00   1.7482163e+00  -6.5898071e-01   1.1924500e+00  -1.3858949e+00   1.6354465e+00   1.2743350e-01  -4.6354149e-01   5.1298953e-01  -1.0863112e+00  -2.3273881e+00
   2.0000000e+00   2.1816399e-01  -4.9951942e-01   9.8097770e-02  -4.3940960e-01  -1.8039760e+00  -5.6310266e-01  -1.9277664e+00   1.0089128e+00  -1.1649010e-01  -3.2718087e-01
   2.0000000e+00  -8.8766251e-02  -3.1589021e-01   1.2959515e+00  -4.8991114e-01  -1.8549310e-01   1.9270909e+00  -9.2884220e-02   9.5320040e-03  -9.7198590e-01  -1.2678494e-01
   2.0000000e+00  -1.1523799e+00  -2.4102693e-01   1.6214197e-02  -3.4189654e-01  -8.5780811e-01  -6.7643494e-01   2.1213563e-01   7.9431649e-01  -1.0211349e+00   2.8026336e+00
   2.0000000e+00  -1.0985773e+00  -4.1527376e-01   4.2337083e-01   2.6335157e-01  -1.0639258e+00  -3.4255569e-01   2.1847599e-02   2.1982130e-02   9.3028024e-01  -4.7839135e-01
   2.0000000e+00   4.7623016e-01  -1.9167795e+00  -1.0890394e+00   4.0402042e-01  -5.0580380e-02  -1.1454111e+00   1.4458765e+00   1.9137886e+00  -2.0608587e-02   1.1052829e+00
   2.0000000e+00   1.4292984e+00   1.1620175e+00   3.7186648e-02  -3.6705060e-01  -1.0762269e+00   5.0595572e-01  -4.4647624e-01   1.0359525e-01   1.3893804e-01  -6.2914891e-01
   2.0000000e+00  -9.9540750e-01   1.7690569e-02   3.0372089e-02   1.2721409e+00  -1.4283758e+00   1.1446810e+00   9.9464201e-01  -6.0461846e-01   5.7383898e-01   7.6062453e-02
   1.0000000e+00   1.7033791e-01  -8.9289424e-01   4.2468732e-01   9.5002698e-01   1.0962331e-01  -2.1726197e-01   1.5920329e+00   1.6010193e-01   5.9749897e-01   7.0435247e-02
   2.0000000e+00   1.7866027e-01   2.9687827e-01  -1.4684205e+00  -4.2938822e-01  -3.8197112e-01  -1.2227073e-01  -4.8809548e-01   5.5138148e-01  -1.4254264e+00   3.7574136e-02
   1.0000000e+00  -6.7494987e-01  -9.5511529e-01   1.8825920e-01   8.3009693e-01   6.2698114e-01  -1.4222678e+00   2.0032279e-01  -1.0100669e+00   2.1346247e-01   4.3655552e-01
   2.0000000e+00   8.1776528e-02   6.7734264e-01  -5.8414298e-01  -1.0636598e-01   6.9579835e-02  -5.1486013e-01   5.5767934e-01  -6.3502947e-01   3.6686561e-01   9.9089429e-01
   2.0000000e+00  -2.6039613e-01   9.5581415e-01   9.1497513e-02  -3.4402874e-01   5.9256294e-02   3.7952066e-01  -4.8749390e-01  -1.0860558e+00  -8.2237500e-01  -1.8166408e+00
   2.0000000e+00   5.0996784e-02   9.3655556e-01   2.1861938e-01  -7.0012495e-01  -2.0380263e+00   5.5665461e-01   2.2730294e-01   7.3296584e-01  -1.5843758e+00   1.1652446e+00
   2.0000000e+00  -1.6457011e-01   4.5332149e-01   2.0885470e+00  -4.4270689e-01   1.3463230e+00  -1.8411494e-02  -9.8544349e-01   5.1948641e-01   4.5603580e-01  -4.3156561e-01
   2.0000000e+00   1.9760188e+00  -6.3265374e-01  -6.2032434e-01   1.9755835e+00   1.5663204e+00  -2.2045658e+00  -1.8980357e+00  -1.1802839e+00   3.5788137e-01  -5.6657517e-01
   2.0000000e+00  -2.9363474e-01   2.0482469e-01   3.3218403e-02  -1.4789369e+00   1.3674144e+00  -1.5147672e+00  -6.3152902e-01   1.4064054e+00   5.1930704e-01   1.3922067e+00
   2.0000000e+00   1.3001811e+00   8.9228796e-01   2.3782168e+00   6.4996829e-01   1.6572553e-01  -1.9754557e-01   1.4541210e+00   1.0140883e+00   1.3856243e-01   2.2821112e-01
   2.0000000e+00  -1.3686014e+00  -6.8000860e-01   1.0777253e+00   3.2844799e-02   1.2688889e+00  -1.9972436e+00   1.1349628e+00   8.6696382e-01   6.8638004e-01  -1.0390236e+00
   2.0000000e+00  -6.3724845e-02  -8.2594505e-01  -1.6015095e+00   1.2756606e-01   9.8917540e-01  -1.7494601e+00  -1.1125666e+00  -1.3055736e+00  -4.4372700e-02  -1.9280918e+00
   2.0000000e+00  -1.3176543e+00  -6.6454936e-01   4.2895769e-01   5.5287956e-01  -9.9435858e-01  -1.2985248e+00   1.5303017e+00  -9.8534034e-01  -3.2641590e-01  -1.7913218e-01
   2.0000000e+00  -2.8795513e+00   5.5098746e-01  -1.0615026e+00   3.9018962e-01   9.0613210e-01  -7.2486392e-01  -3.3423965e-04  -1.3681191e-01  -3.9806250e-01   6.9215138e-02
   2.0000000e+00   1.0231117e-01   1.1252453e+00   1.0605033e+00   1.6126980e+00   1.5087323e+00   7.9391884e-01  -2.2396902e+00   2.6362213e-01  -2.7964861e-01  -2.6891136e-01
   1.0000000e+00   1.4755927e+00  -1.4452597e+00   2.5343032e-01  -1.7214370e-01   2.3503410e-01  -1.5460965e+00  -1.0852485e+00   1.9673950e+00   1.4673016e+00   6.3073487e-01
   2.0000000e+00  -1.5097620e-01  -7.8930465e-01   1.3423996e+00  -1.5811931e-02   1.9200995e+00   5.2687615e-01   1.3224081e-01   1.3529919e-01   1.2211751e-01   1.6821077e-01
   2.0000000e+00   5.3615812e-01   1.4523501e+00  -6.7596550e-01   4.7160815e-01   1.0477890e+00  -6.8321362e-01  -1.3672562e+00  -1.1757158e-01  -1.7848189e+00   1.1739456e-01
   2.0000000e+00  -6.0401533e-01  -1.5442362e+00  -5.5185492e-01   4.6034018e-01   1.6580943e+00  -6.2691116e-02  -4.5666963e-01   8.4741982e-01   1.6026828e-02   1.1805042e+00
   2.0000000e+00   1.1121435e+00   4.5776806e-01  -1.1407305e+00  -1.4138847e+00  -6.7490697e-01   1.4640834e-01   2.9142373e-01   2.7442734e-01   1.9663688e-01   6.9556821e-01
   2.0000000e+00   2.4628179e-01   6.0109137e-01  -1.0228921e+00  -1.5794836e+00   1.6973785e+00  -7.0781583e-01   1.0474815e+00  -5.8702664e-01  -8.9245222e-01  -6.8488205e-01
   2.0000000e+00   2.0132386e+00  -2.8187999e-01  -8.6828620e-02  -1.6335025e-01  -5.2157410e-02   1.7189114e-01   5.6947389e-01   3.5778844e-01   1.3560296e+00   8.5457783e-01
   2.0000000e+00  -9.8318688e-01   8.6149160e-01   3.7308518e-01   3.2586597e-01  -4.0364279e-01  -2.7031595e+00   5.1079798e-01   1.2363800e-03  -3.2929842e-01   1.2286265e+00
   2.0000000e+00  -4.3126703e-01  -1.0015849e+00  -1.6729786e+00   1.1624551e+00   2.2517902e+00  -4.7655466e-01   6.2558199e-01   4.8611293e-01   1.4832213e+00   1.0393515e+00
