   2.0000000e+00   5.7909744e-01   3.5142273e-01  -8.6060021e-02  -3.9900297e-01  -6.2836751e-01   3.9199975e-01  -7.1188045e-01  -7.0100760e-01   1.5866871e+00   1.1182610e+00
   2.0000000e+00   1.7523630e+00   2.5853542e-01  -2.4544511e-01  -4.1132570e-01   1.1923167e+00   1.0466156e-01  -1.2036667e+00  -1.6897209e+00   1.9527342e+00   1.7692213e-01
   2.0000000e+00  -6.7987648e-01  -1.2628217e+00  -1.7311053e+00  -1.0196246e+00   2.3103073e+00  -2.3030655e-01  -2.6263596e+00  -2.7597581e-01  -5.4706078e-01  -3.5895873e-01
   2.0000000e+00   3.1180802e-02  -1.6887948e+00  -2.5886958e+00   1.9897495e+00  -4.9859917e-01   5.2346063e-03   3.1983374e-01   1.7877502e+00   5.3829857e-01   8.6157144e-01
   2.0000000e+00  -2.3744945e-01  -6.2325894e-01   1.2311134e+00  -1.2050055e+00   4.5506897e-01   6.6205145e-01  -2.3112210e-01  -2.0025043e+00   1.7464675e-01  -6.0521053e-01
   2.0000000e+00  -2.5237968e-01   5.0668137e-03  -4.6962294e-01  -7.9856194e-01   5.8101502e-01  -3.1198381e-01  -2.4823733e-01  -1.9266379e-01  -9.5414616e-01   1.4054643e+00
   2.0000000e+00   1.7803643e+00  -5.0022897e-01  -6.6462084e-01  -1.7431319e+00  -5.9140197e-01   5.1387355e-01   1.7548316e+00   1.0789973e+00   1.7332348e-01   2.7907643e+00
   2.0000000e+00  -6.1291398e-02   2.5014523e-01   3.1679296e-01   6.3016518e-01   1.2403631e-01   2.5433340e-01   1.3345549e+00  -1.2369116e+00   3.0668874e-01  -1.6893865e+00
   1.0000000e+00  -1.1102382e+00  -2.3871715e+00   5.7601703e-01  -2.8637615e-01   1.7811187e-01  -1.1758081e-01   2.5294810e-01   7.0641797e-01  -4.0751183e-02  -6.3036422e-02
   2.0000000e+00  -2.8013640e-01  -1.0080876e+00  -8.1391947e-01  -1.0820355e-01  -6.5975500e-02   1.2742610e+00   1.7516089e+00  -6.7225963e-01   1.5633885e+00   7.8591438e-01
   2.0000000e+00   3.4117777e-01  -6.5934002e-01  -2.1496343e-01   2.6609036e-01   5.5573021e-01   5.1058545e-01   7.6009011e-01   1.2400159e+00   6.3404908e-01   7.8867499e-01
   2.0000000e+00   1.4381126e+00  -4.9083985e-01  -2.0811347e-01   1.0285542e+00   1.0467101e+00   8.5372919e-01  -2.2524480e-02  -1.8638441e+00  -7.9193871e-01   2.6523220e-01
   2.0000000e+00  -1.5455167e-01   3.9216653e-01  -1.8352337e+00  -5.0091291e-02  -1.5325497e-01   8.1449284e-01  -1.5275506e+00   2.0690876e+00   8.1678955e-01   5.3597964e-01
   2.0000000e+00  -6.6171136e-01   2.2809971e-01  -7.9335829e-01   4.5906613e-01  -3.8558060e-01  -2.1739358e+00   6.4751389e-01   1.2892575e+00   1.4502014e+00  -1.2945047e+00
   2.0000000e+00  -1.0790492e+00  -1.6492756e+00   1.7486387e-02  -3.4690651e-01   2.4699501e-01  -1.5654253e+00  -9.2594140e-01  -4.6178730e-01  -6.9770204e-01  -9.6607587e-02
   2.0000000e+00   9.3844935e-01   5.5566241e-01  -1.8344359e+00  -4.9196619e-01   1.5228003e+00  -8.0438943e-01  -5.9259836e-01  -4.4669513e-01   6.4347563e-01   1.7455062e+00
   1.0000000e+00  -1.0560674e+00   1.6862462e+00  -7.7067563e-01  -4.0812237e-01   4.8807115e-01   9.5591221e-01   6.2783851e-01   9.5215370e-01   3.8559113e-02  -6.6453775e-01
   1.0000000e+00  -4.1467228e-01  -1.0168287e-01   1.5538651e+00  -7.5505366e-01   1.2275738e+00  -1.5884665e+00   7.1549833e-01   2.0965082e+00  -2.0492531e-01   5.7009817e-01
   2.0000000e+00  -6.3605110e-01  -6.9197317e-01  -2.6816507e-01  -1.1822458e+00   6.6393157e-01  -6.1465693e-01  -1.7004384e+00   6.7578998e-01  -2.5762671e+00   9.1485663e-02
   2.0000000e+00   1.7429496e-01  -1.2838575e+00  -1.3644689e-01   1.0143443e+00   2.0775771e-01   2.0355232e+00   7.5614547e-01  -7.9477748e-01  -5.5351080e-01   3.1790063e-01
   2.0000000e+00   1.7771807e+00   2.9340807e-01   4.1458660e-01   2.5874151e-01  -1.3072587e+00   3.4569939e-01  -5.1588519e-01   1.2283117e+00   9.3115911e-01  -9.5371542e-01
   2.0000000e+00   1.4075784e+00   1.3528994e+00  -1.1040831e-01   3.3032211e-01  -1.0567062e+00   9.3205134e-01  -1.2664678e+00  -3.1083950e-01  -1.2728098e+00  -1.6014049e+00
   2.0000000e+00   1.3433848e+00   4.2299969e-01   8.4345440e-01  -1.6391792e+00  -1.6079036e+00  -2.1028409e-01  -7.3225156e-01   1.4001761e+00   7.8498125e-01   5.2995587e-01
   2.0000000e+00   1.7928888e-01  -7.5829499e-01   1.9708778e+00   1.3722967e+00   4.7561427e-01   1.4994063e+00   1.8287027e+00  -9.9897676e-01  -1.7707452e+00   2.2910824e+00
   2.0000000e+00  -1.2719060e+00   4.6749753e-01   2.1406306e-01   7.4219445e-01  -5.6235532e-01   1.5137107e-01   8.1421092e-01   4.4505204e-01   8.2392327e-01   3.3938939e-01
   2.0000000e+00  -3.8605068e-01   6.6267839e-01   3.4596686e-02  -1.2209639e+00   9.0271318e-01  -1.7392060e+00   1.1060476e+00  -7.1645321e-01   1.5475160e-01  -5.4885919e-01
   2.0000000e+00  -4.3384865e-01   1.5676275e+00   3.5956978e-01  -4.8963418e-01  -5.7174323e-01   8.0493485e-01  -1.3808012e+00  -1.2004466e+00  -7.6129009e-01  -1.0032267e+00
   2.0000000e+00  -3.7256353e-01  -7.6539737e-01   6.5142393e-01   5.1732307e-01  -1.1667713e+00   1.4080360e+00  -4.8943006e-01   1.7276316e+00  -1.5175486e-02   2.7329104e-01
   2.0000000e+00   6.2024391e-01  -4.4730779e-01  -5.8999327e-02   7.4949887e-01   1.7650832e-01  -1.6240477e+00  -3.2013313e-01   1.3389214e+00   9.9449441e-01  -4.5671260e-01
   2.0000000e+00   4.5830008e-01  -8.7518006e-01   1.4101639e+00  -6.3980198e-01   2.8724492e-01   1.2652839e-01   8.0532577e-01   5.0502585e-01   4.3916026e-01   2.0303323e+00
   1.0000000e+00   1.8611350e+00   3.5352222e-01  -8.4814101e-01  -5.6748693e-01  -6.0098986e-01  -4.8652558e-01   7.6642528e-01   8.4284351e-01   3.2161628e-01  -1.4700074e+00
   2.0000000e+00  -4.7289426e-03  -8.4114426e-01   4.3170677e-01   2.0356504e+00  -7.2351634e-01   1.1907417e+00  -9.4559574e-01  -6.1913533e-01   1.4226989e+00  -5.1044732e-01
   2.0000000e+00   1.4359115e+00   1.8498880e+00  -1.0424612e+00  -3.3564200e-01  -9.0500476e-01  -1.2443058e+00   2.9024446e-01  -1.8845918e+00  -1.0989767e+00   1.0978337e+00
   2.0000000e+00   3.6072714e-01   2.1906530e+00  -8.2341190e-01   8.7778843e-01   6.1155552e-01  -1.7310954e+00   1.1359589e+00  -1.6770526e+00   7.1519241e-02   3.6956094e-01
   2.0000000e+00   8.7462572e-01   2.7113508e-03  -1.3940780e+00   1.9656240e-01  -6.2646467e-01   1.5629658e+00  -1.6094558e+00   4.4119218e-01  -4.8674159e-01  -5.8029586e-01
   1.0000000e+00  -1.3080119e+00   1.8751095e+00  -2.8248036e-01   1.7624080e+00  -1.7246362e+00   9.0104154e-02   3.1964309e-01   7.0731034e-01  -6.4275289e-01  -6.6922623e-01
   2.0000000e+00   1.0243065e+00   2.0657457e+00  -1.2418381e+00  -5.8234503e-01   1.4481475e+00  -1.2180443e+00   8.6947919e-01   4.6363775e-01   6.7855009e-01   4.8614319e-01
   2.0000000e+00   1.2359618e+00   5.1484314e-01  -8.5479520e-02   1.0426716e-01  -1.7639646e+00  -9.6314943e-02  -7.7191798e-01   1.2060876e+00   8.2949266e-01   1.8242731e+00
   2.0000000e+00   2.8249375e-01  -1.5065954e+00   1.6747444e+00   1.0297034e+00   1.0590232e+00  -1.6310865e+00   3.9415577e-01  -3.5263794e-01   8.1267648e-01   1.2115491e+00
   2.0000000e+00   3.8144535e-01   2.1470253e+00   6.6187957e-01   7.7788622e-01  -1.0193307e+00   3.6824802e-02  -2.6858677e-01  -5.7167045e-01  -9.5893283e-01   2.7862731e-01
   2.0000000e+00  -3.0004479e-01   5.0837876e-02   5.1678652e-01   3.1298043e-01   2.1054827e-01   5.5676242e-01  -1.4149903e+00  -7.4395199e-01   1.4352178e+00  -4.9022406e-01
   1.0000000e+00  -2.0187888e-01   1.1320545e+00  -1.9711486e-01  -1.3513765e-01   5.9147404e-01  -6.4493484e-01   6.7282362e-01  -6.3867854e-01   1.4405426e-01  -6.2577091e-01
   2.0000000e+00  -3.7639343e-01   9.7271727e-01   1.6682706e+00   8.6887194e-01   2.8526872e-01   2.7085774e-01   1.4835578e+00  -8.2709160e-01   1.4152679e+00   4.6897487e-01
   2.0000000e+00   4.8626774e-02   9.2401562e-01  -1.0024191e-01  -1.3671541e+00   7.4096078e-01  -1.4300838e+00  -1.0063084e+00   3.5758934e-01   2.2807153e-01   5.7014673e-02
   2.0000000e+00   3.7738120e-01   5.1066243e-01  -1.0177360e+00   1.0343637e-01  -9.2039315e-01   1.3742214e+00  -2.6494391e+00  -3.4439602e-01   9.3630689e-01   1.0572419e+00
   1.0000000e+00   4.4797617e-01   6.3513132e-01   1.6626840e-01  -5.2713456e-01   7.1749153e-01   5.3042186e-01   1.8591422e-01  -4.1775843e-01   3.8838285e-01   9.6580645e-02
   2.0000000e+00  -1.1062551e+00  -1.4688508e+00  -4.3421788e-01   7.5731537e-02  -3.2213112e-01  -2.3622600e-01   3.9372280e-01  -1.4885594e+00  -1.5216645e+00   1.2116663e+00
   2.0000000e+00   1.3214323e+00   9.0209327e-01  -3.0745236e-01   6.5390480e-01   2.5215410e-03   1.8376929e+00  -2.7082253e-01   1.5973227e-01   7.1536972e-02  -6.9840417e-01
   2.0000000e+00   1.1246412e+00   1.0958534e+00   1.5246937e+00   1.1247100e+00  -1.2677035e+00   7.6057007e-01   2.6407855e+00  -5.8118723e-01  -1.6760073e-01  -6.7046535e-01
   2.0000000e+00   2.1894219e-01   1.1562258e+00   4.8287816e-01   1.0651503e-01   2.4716739e-01  -6.0611737e-01   1.9471794e-02  -1.3680771e+00  -1.3028607e+00   7.5843386e-01
   1.0000000e+00  -3.4010405e-02  -6.9745588e-01  -6.7764744e-01  -1.9617680e-01   6.7052987e-01  -1.2039563e+00   2.1590359e-01  -3.0894928e-01  -6.4367238e-01  -6.2418099e-02
   2.0000000e+00   1.0475093e+00  -9.7500889e-01  -9.5679335e-02   7.2509364e-01  -2.5212996e-01  -3.6339929e-01   3.7216187e-02  -4.8888128e-01  -1.0330939e+00  -4.9274094e-03
   2.0000000e+00   1.0446771e+00  -1.6235690e-01  -9.3040663e-01  -1.1225952e+00  -1.5158857e+00  -1.5305298e-01  -5.6597931e-02   7.9654428e-02   2.3049915e+00  -1.0103954e+00
   2.0000000e+00  -4.8182498e-01   1.8580032e+00  -1.2775310e+00  -1.2343005e+00   6.0707547e-01  -2.2319284e+00  -2.1758948e-01   6.4873087e-01  -1.4115805e+00   1.6311140e+00
   2.0000000e+00  -6.6753647e-01   6.9770673e-02   3.4473914e-01  -6.2808314e-01  -7.6326267e-01  -1.2453220e-01  -1.0769180e+00  -1.0952245e-01   5.0403883e-02  -1.2468467e+00
   2.0000000e+00  -8.4937924e-01  -1.5974773e-01  -1.3703612e+00   5.5169108e-01  -1.0545436e+00  -3.7680085e-01  -1.8187369e+00   1.0498875e+00  -3.5267747e-01  -1.1549251e-01
   2.0000000e+00   3.9782332e-01  -8.5790669e-01  -2.8020512e-01   5.7770308e-02   8.9451232e-01   6.6043254e-01   1.7092775e+00  -3.6114167e-01   9.4579175e-01   1.9908262e+00
   1.0000000e+00   7.1554993e-01   1.3637233e+00   3.1834832e-01   5.3102214e-01  -1.7496224e+00   3.0177831e-01   4.1096827e-01   2.4889142e+00  -3.9948313e-01   7.9411923e-01
   2.0000000e+00   6.3203494e-02   1.1891529e-01  -5.2444672e-02   7.1258648e-01   1.2246997e+00  -1.6260765e-01   2.1412493e+00   9.3370912e-01  -4.9282631e-01   7.4209816e-01
   2.0000000e+00   6.7125457e-01   1.0103862e-01  -6.5633266e-01   1.2045077e-01  -1.8724054e-01  -3.1562964e-01   2.0978720e+00  -1.0970062e-01  -1.2016842e+00   3.5573338e-01
   2.0000000e+00   1.4137381e+00   1.0563662e+00   7.7906956e-01  -2.3215089e+00  -8.5411354e-01  -4.7341320e-01  -1.8735142e+00  -8.9663752e-01   4.1445681e-01  -1.4099715e+00
   2.0000000e+00  -2.1653084e-01  -3.6805566e-01  -3.3620870e-01   8.0625953e-01   6.3427725e-01  -1.0705081e-01   8.0165382e-01  -3.2453981e-02   9.6325814e-01   7.0522367e-02
   1.0000000e+00  -3.4197683e-01  -6.6087704e-01   1.2469738e-01   1.5652671e+00  -1.3601428e+00   1.6177273e-01   8.7116529e-01  -2.1448460e-01   4.3939576e-02   3.6753802e-01
   2.0000000e+00  -6.2038157e-01   5.9589811e-01   9.5054977e-01   9.9971861e-01  -3.6688491e-01  -1.0530031e+00   1.5326447e+00   3.4494862e-01  -8.7836284e-01  -1.0949729e+00
   2.0000000e+00  -6.4662283e-01   1.2136957e+00   3.7739754e-02   4.7732498e-01   9.9670060e-01  -1.9111817e+00   1.8936517e+00  -1.3616578e-01  -1.2604090e-01   8.2479567e-01
   2.0000000e+00   8.2509709e-01  -8.1968827e-01  -1.7726739e-01  -4.7465339e-01   5.5210022e-01  -8.2568870e-01  -2.0342713e+00  -8.1892276e-02  -1.1428182e+00  -1.3533028e+00
   2.0000000e+00   1.3798805e-01  -8.1022643e-02   1.0157377e+00   2.2581092e+00  -2.4496562e-01  -3.5669763e-01  -2.0301441e-01  -1.7429178e+00   3.6489958e-01  -3.6224064e-01
   2.0000000e+00  -4.6370147e-01  -2.5384009e-01   1.4474875e+00  -3.7376139e-02  -8.7583269e-01  -3.2390117e-01   1.0506564e+00  -9.0613151e-01  -1.4651061e+00  -4.5109720e-01
   2.0000000e+00   1.8623710e-01  -1.8765594e+00   4.9828237e-01   1.8803159e+00  -3.3665012e-01   4.8552676e-01  -1.2238668e+00   1.2832549e+00  -1.7392087e-01   2.1637734e+00
   2.0000000e+00  -2.7035592e-01  -1.9418027e+00   2.0155709e+00  -2.9649554e+00   1.1571090e+00   8.3579699e-01  -1.1950715e+00   1.6162804e+00  -4.8944411e-01  -9.8467768e-01
   2.0000000e+00  -5.5133547e-01  -1.2938870e-01   6.6269545e-01   7.5856338e-01   5.9979894e-01   7.2899608e-01   9.4330359e-01  -1.3105856e+00  -1.2198369e+00  -6.9824349e-01
   1.0000000e+00   3.4804745e-01   3.0836024e-01  -2.8750073e-02   1.0020772e+00   4.5435420e-01  -9.7329023e-02   4.3220034e-01  -1.1515826e-01   1.7414306e-02   6.3802558e-01
   2.0000000e+00  -4.1374508e-01  -5.4805609e-01   1.4085999e-01  -8.6554875e-01  -8.2590994e-01  -1.0870185e+00  -9.9484433e-02  -6.0536724e-01   1.1286000e+00   5.7983016e-01
   2.0000000e+00  -6.6002039e-01  -4.7884229e-01  -8.9987305e-01  -8.9476718e-02   1.5355000e+00   3.1897625e-01  -5.3032658e-01   2.5573196e-01   3.9180920e-01   8.3819484e-01
   2.0000000e+00  -4.8101198e-01  -2.4909978e-01  -7.8297197e-01  -1.3660119e+00  -8.3528643e-02  -8.2207384e-01  -2.3694484e-01   1.2192689e+00  -8.1481887e-01  -3.4589010e-01
   1.0000000e+00   1.3280655e+00  -3.0382191e-01   8.1850847e-01   1.8358523e+00   1.7873830e+00   5.9663055e-01   1.9280722e-01   5.6463369e-01  -6.5953044e-01   4.9490599e-01
   2.0000000e+00   2.1798739e-01   1.3322171e+00  -6.4918196e-01   1.6532697e+00  -1.7291743e+00   4.3237366e-01   5.2983053e-02  -7.0364069e-01  -1.1474415e+00   1.5416861e+00
   2.0000000e+00   1.5276444e+00  -2.9893652e-01   2.0179396e-01  -1.9248198e+00   1.5657763e-01  -7.1328796e-01  -4.4039058e-01  -1.8847702e+00  -9.2856071e-01  -2.0185261e+00
   2.0000000e+00   2.4485503e+00  -2.9663451e-01  -1.0351007e+00   5.6711018e-02  -2.3476708e+00   1.6151884e-01   1.3211571e+00  -4.0518210e-01  -8.1597514e-01   1.2237602e-01
   2.0000000e+00   2.0707450e-01  -3.0656537e-01   6.2040237e-01  -1.2611354e-01   1.1485440e+00   1.0860365e+00   1.0037876e+00   8.4554980e-01  -1.0953018e+00  -1.6431048e+00
   1.0000000e+00   2.5414534e+00   3.2174014e-01  -9.9177525e-02   2.8859411e-01  -2.0656963e-01  -8.9976030e-01   7.9194723e-01  -2.4887647e+00  -8.4312705e-02   7.5308935e-01
   2.0000000e+00   1.5200212e+00  -7.1416194e-01  -1.7149384e-01  -2.8650851e-01  -2.5928088e-01   8.7576826e-01  -3.1675111e-01   2.0434405e-01  -1.2230596e+00  -2.6304015e-01
   1.0000000e+00  -2.5921908e+00   1.4283661e+00   1.7671280e+00   1.9214428e-01   4.3372035e-01   2.7648084e-01   6.1843362e-01   1.2300006e+00   1.7250857e-03   9.8458233e-02
   2.0000000e+00  -5.1723790e-01  -1.9118748e+00  -1.1081412e+00  -1.5977657e-01   8.4742089e-01   4.2476577e-01  -3.0867859e-01  -3.1200349e-01  -1.0512728e+00   7.7417757e-02
   2.0000000e+00  -9.7172714e-01  -1.6460296e+00   1.9788940e+00  -1.0799364e+00  -3.9057889e-01  -1.3798420e+00   3.8709335e-01   1.1897731e+00  -1.5227262e+00  -3.0396362e-01
   2.0000000e+00   1.6596063e+00  -5.0608399e-01   3.9886780e-01   2.7885416e+00   1.1322106e+00   2.4531740e+00  -1.0748167e+00   5.1603650e-01  -1.8491642e-01   7.0599000e-01
   2.0000000e+00   9.5220056e-02  -1.4178920e-01  -3.9125146e-02   6.8143732e-01  -1.1889601e+00  -5.4083031e-01  -1.0665496e+00  -1.1218525e+00  -8.9991316e-01   4.5799260e-01
   1.0000000e+00   1.6120855e+00  -7.9637080e-01  -1.2797446e+00   5.2115878e-01   8.1642051e-01  -1.6776349e+00   4.7115537e-01  -3.9205354e-03  -6.1657526e-02  -6.6007990e-01
   2.0000000e+00   2.2058366e+00  -2.2280762e+00  -1.1920174e+00  -1.3252513e+00  -7.4767202e-01  -6.8410882e-01  -6.9034527e-01   4.1423123e-01   8.8932723e-01   9.7664874e-01
   2.0000000e+00   1.0461064e+00  -5.8381975e-01   3.3840731e-01   4.9415505e-01   7.6794323e-01  -7.3974586e-01   8.2711026e-02  -1.9117215e+00  -1.9182289e+00  -1.1513755e+00
   1.0000000e+00   1.1438887e+00  -5.4146216e-01  -1.0056191e+00   8.5365790e-01  -1.4507256e+00   1.3924645e-02   1.1627256e-01   5.6129651e-01   1.9935172e-01  -1.2460991e-01
   2.0000000e+00   7.2462406e-01   5.1279531e-02  -1.0626811e-01  -2.9998678e-01   2.8220730e-01   8.5215198e-01  -1.4205171e-02   1.3636670e+00   1.4398302e-01  -2.8539812e-01
   2.0000000e+00   1.4632282e+00   1.2226874e+00   1.6752420e-02   1.3984414e+00  -9.2995337e-01   1.9149637e+00  -5.3578544e-01  -4.1492755e-01  -1.1525102e+00   1.2940770e+00
   2.0000000e+00  -1.4155848e+00  -2.1990273e+00  -6.1243299e-01  -3.8790453e-01  -6.6968860e-01  -1.9532545e+00  -3.5282717e-01   8.9073593e-01   4.8224826e-01   1.0599085e+00
   2.0000000e+00  -9.3460798e-01   2.2609183e-01  -1.1719556e+00  -2.6296748e-01  -1.3631997e+00   7.3219932e-03   4.4239585e-01   4.0150969e-02   1.5972680e+00  -1.5422430e+00
   2.0000000e+00  -6.0045142e-01  -2.2905706e+00   8.4854584e-01   5.1486560e-01  -9.7787220e-01  -3.0542491e-01  -1.1640861e+00  -6.0709108e-01  -2.6223480e-01   1.8451805e-01
   2.0000000e+00  -4.1821835e-01  -8.6014701e-01  -1.6836751e-01   1.6243307e+00  -1.8198007e+00  -8.3935391e-01   1.4318419e+00  -3.3719465e-01   5.2646725e-01  -1.8475866e-01
   2.0000000e+00   1.6651119e+00   1.8821936e+00  -3.8601079e-01  -7.9713503e-01   2.0863870e+00   1.3455766e+00  -8.6286317e-01  -5.5784980e-01  -1.1315229e+00  -2.3835442e-02
   2.0000000e+00   5.4618722e-01  -1.0364996e+00   1.1698563e+00   1.6130889e+00  -1.5624635e+00  -1.0870465e+00   1.0837718e+00  -7.1584203e-01   1.8779657e+00   4.2964034e-01
   2.0000000e+00   5.0866484e-01   7.9924930e-01  -8.9060206e-01  -5.9931922e-01  -8.9940334e-01  -2.9333475e-01  -7.4215611e-01  -1.1787927e+00   8.7158063e-01   1.2783356e+00
   2.0000000e+00   1.5778414e+00   2.5957150e+00   1.8710651e-01   5.7609549e-01   3.1032982e-01  -1.0752181e-01  -2.3795597e+00   1.1361575e+00   1.3198672e+00   1.3650824e+00
   2.0000000e+00   6.2733018e-01   9.5942016e-01  -1.5507873e+00   8.8749706e-01  -7.1007259e-01  -5.3593329e-01  -3.4365762e-01  -7.8631023e-01  -7.5838333e-01  -1.0822503e+00
   2.0000000e+00   9.0942109e-01   1.8276275e+00   3.0213483e-01   2.9961697e-01   2.0599829e-01   3.9389516e-01   1.0057917e+00  -2.3582377e+00  -9.1753022e-01  -6.5896689e-02
   2.0000000e+00  -6.1641069e-01   5.0640626e-01   6.1205754e-01   5.8737346e-01   4.6977581e-01   3.3654231e-01  -4.1644694e-01   1.1751752e+00  -4.2243821e-01   1.4548458e+00
   2.0000000e+00   3.5089965e-02  -1.3521508e+00   1.6154642e+00   4.7799282e-01  -1.3434847e+00  -8.1552309e-01   1.7280181e-01  -1.7282344e+00  -1.2033196e+00  -5.5969367e-01
   2.0000000e+00  -1.9312822e-01   3.2782916e-01  -8.4053017e-01   5.2447847e-01  -1.0183509e-01  -2.8404814e-01   1.0386692e+00   3.4189315e-01   8.1726637e-01  -6.0756185e-01
   1.0000000e+00  -3.1893133e-01   1.2309130e+00   5.1806085e-01  -5.5389126e-01  -3.2002365e-01   1.2758319e+00   3.6075552e-01  -1.7676561e-01  -3.5243445e-01   1.1145941e+00
   2.0000000e+00  -1.0420737e+00  -1.7217645e-02   2.7273155e-01   1.4561732e-01  -3.7819223e-01   3.5276864e-01  -2.7944406e-01  -2.9287889e-01  -5.2525248e-01   5.4044752e-01
   2.0000000e+00  -3.2885206e-01   7.7491014e-01   1.0460212e+00  -7.2723274e-01   3.0680613e-01  -1.5644364e-01  -2.2468813e+00   7.1813568e-01   2.3773352e+00   2.8150225e-01
   1.0000000e+00   7.1166627e-02   1.1385476e+00  -9.8728232e-01   6.3672890e-01  -5.0546017e-01  -5.3021503e-02   8.5614810e-01  -2.3964923e+00  -3.8045790e-02   3.1766710e-01
   2.0000000e+00  -1.0178268e+00   4.3714008e-01   1.1993470e+00   1.8799030e+00   2.2457656e+00  -1.8781964e+00  -4.5566524e-01  -3.1653567e-01  -1.4440658e-01  -2.2637954e-01
   2.0000000e+00   1.3142378e+00  -1.3486955e-01  -1.8370851e+00  -6.3754691e-01  -2.1379592e-01  -6.1812992e-01  -9.1049177e-01  -3.3453980e-01  -2.5966843e-01  -4.4964157e-01
   2.0000000e+00  -5.8197800e-01   7.0973684e-01  -1.6490530e-01  -1.1159306e-01  -1.2433201e+00  -1.3196897e+00   1.1363720e+00   1.8264316e+00  -1.1982552e+00   5.5308825e-01
   1.0000000e+00   7.8700179e-01   1.3851957e+00   3.2795054e-01   9.6587339e-01  -5.2988876e-01   1.1708898e+00   2.8645997e-01   7.3480756e-01  -6.6680176e-02  -3.9738841e-01
   2.0000000e+00   2.6728168e-02  -2.5291684e-01  -2.0780223e+00  -3.0519988e-01  -2.1366882e+00   1.0317499e+00   8.8175043e-01  -2.7100732e-01  -3.8801060e-01  -4.1689806e-02
   1.0000000e+00   9.5027707e-01   1.4424132e+00   3.0062851e-01  -5.2682722e-01   3.7657941e-01   6.4592473e-01   8.2771308e-01  -7.8856686e-01   3.4649200e-01  -7.9939779e-01
   2.0000000e+00   2.3276979e-01  -4.5213014e-01  -2.1924146e-01   1.1437181e+00   7.1701008e-01  -5.0643045e-01  -7.0636704e-01  -5.7108119e-01   9.9896952e-01   1.4586424e+00
   2.0000000e+00  -8.5724323e-02   1.2159639e-01  -4.2496674e-01  -1.0123799e+00   2.4943787e-01   4.3850783e-02  -2.2355621e+00   8.9526899e-01   5.9805433e-02   1.4085600e+00
   1.0000000e+00   6.8505741e-01  -1.0370925e+00  -7.8549149e-01   4.5074476e-01   4.7191834e-02  -1.3767890e-01   4.4190472e-02  -7.9119284e-01  -5.0931544e-01  -1.1815398e+00
   2.0000000e+00  -1.4271464e+00   4.5941233e-01   2.8971380e-01  -3.8256284e-01   1.5463175e-01  -4.6220967e-01  -8.4347838e-01   2.2182804e-01  -5.1528357e-01   9.6538430e-01
   2.0000000e+00  -7.2339022e-01   5.6129684e-01  -2.6354598e-01  -1.9071631e+00  -1.9095205e-01  -8.4189485e-01  -2.3867388e+00   5.8551887e-01   5.5528232e-01  -1.4101057e+00
   2.0000000e+00  -1.4777533e+00   6.2823347e-01  -2.3693018e+00   6.4179069e-01   4.0994692e-01   3.1408013e-01  -9.7738363e-01   5.0982544e-01  -8.2941235e-01  -2.3041882e-01
   2.0000000e+00  -1.4900711e-01   9.3376377e-01   2.1232282e+00   5.0951420e-01   1.1523901e+00  -1.3473234e+00   1.2115147e+00   7.6325719e-02  -4.7894884e-01   3.8212985e-01
   2.0000000e+00  -5.1716646e-01   1.1147055e+00   1.3806456e+00   1.6083969e+00   3.7579266e-01   5.1651236e-01  -1.8168751e-01  -6.5460436e-01  -1.1832155e+00  -1.0404358e+00
   2.0000000e+00  -9.0795122e-01   3.9177179e-01   2.4581362e+00  -5.9080380e-02  -1.4379667e+00  -1.7357852e+00  -1.4641906e+00   1.1873523e+00   3.0385037e-02  -1.4637598e-01
   2.0000000e+00  -3.0718102e-01   1.2866691e+00  -5.3650650e-01   3.5620444e-01   2.0463294e+00  -1.9241354e+00   9.8546891e-01  -6.7547951e-01   1.0676738e+00   1.0595450e+00
   2.0000000e+00  -4.0081797e-01  -7.5198351e-01   3.9905344e-01   4.6331334e+00  -5.2879422e-01  -5.5205483e-01  -8.1924990e-01  -5.9774545e-02  -3.3011057e-01   1.1581642e+00
   1.0000000e+00   2.0144369e+00   3.8108361e-01   3.2574883e-01  -3.1105937e-01   8.0856274e-01   1.3671870e+00   8.6509322e-02   7.8701279e-01   4.8034356e-01  -1.1264986e+00
   1.0000000e+00  -1.1228590e+00  -1.2090617e+00   5.8477165e-01   1.4950412e+00  -2.2484984e-01  -9.9159789e-01   7.4760620e-01   1.3982469e+00   4.4680530e-01  -2.9004890e-01
   2.0000000e+00   1.0215304e+00  -4.4672844e-02  -8.6197969e-01   5.3301563e-01  -5.0848182e-01  -1.2222320e+00  -1.2283050e-01   1.2086416e+00   1.7149434e+00   5.7528661e-01
   2.0000000e+00  -7.1293345e-01   8.7195993e-02  -8.0910876e-01   1.7819846e+00  -8.9186060e-01  -4.3820897e-01   1.3687307e+00   6.2099293e-01   1.9261569e+00  -2.4313438e-01
   2.0000000e+00   3.4254026e-01   1.5793949e+00   6.8577268e-01   2.0980977e-01   1.7868329e-01  -2.7046594e-01  -2.2805874e-01  -5.9857795e-01  -1.9438588e+00  -1.8732931e-01
   2.0000000e+00   5.9252891e-01   1.1003382e+00   4.9891986e-01   1.6081237e+00  -1.4944298e+00   8.0655696e-01  -2.9223785e-01  -6.1229486e-01   2.0866785e+00   7.7602881e-01
   2.0000000e+00  -1.2561246e+00   5.2282002e-01   2.2473475e-01   6.2671032e-01  -9.0483650e-01   6.0510753e-01   2.7223939e-01  -2.5004761e+00   9.2755474e-01   2.8258938e+00
   1.0000000e+00  -1.3832133e+00  -2.7944609e-01   8.2730786e-01  -3.4866356e-01  -5.5516246e-01  -3.9737731e-02   2.8757774e-01  -1.2450873e+00   2.9558755e-01  -1.0536879e+00
   2.0000000e+00  -2.2128322e+00   4.6414460e-01  -1.3207367e+00  -5.4026882e-01  -7.4207148e-01   1.1307747e+00  -6.8438746e-01  -7.1942810e-01   1.1073265e+00   3.3168369e+00
   2.0000000e+00  -8.5750252e-01   1.8227509e+00  -4.6166095e-01   1.4799845e-02  -5.5745260e-01  -2.2364044e-01  -8.7091386e-01   1.0138446e+00  -1.6090923e+00   2.4044703e-01
   2.0000000e+00   3.4482739e-01   7.4695031e-01   3.4166858e-01   1.1926685e+00  -1.5746294e-01  -7.3672458e-01  -3.4707817e-01  -1.4760897e+00   5.5589105e-01  -8.0982245e-01
   2.0000000e+00  -5.4806219e-01   1.1120103e+00  -1.0922310e-01  -2.9840217e-01  -1.4032336e+00  -7.1957979e-01   1.8841441e-01  -1.3841047e-01  -1.1654807e+00  -2.4097911e-01
   1.0000000e+00  -1.5506225e+00   5.0661326e-01   6.9904629e-01  -9.3598044e-02  -1.4314341e+00  -2.1705438e-02   6.6093442e-01  -2.4551279e+00  -2.6410219e-01  -1.1872673e+00
   2.0000000e+00   8.6146207e-01  -2.2615553e-01  -8.4540608e-01  -7.8239956e-01   7.8013868e-01  -1.0100696e+00  -1.5659332e+00  -1.5922877e+00  -1.6652969e+00  -8.6729267e-01
   2.0000000e+00  -1.7354209e+00   2.8417395e-01  -1.2884558e+00   9.6806408e-01   2.1066519e+00   6.4851063e-01   4.1358599e-01  -1.2514643e+00  -2.3674578e+00   1.8339204e-01
   2.0000000e+00  -1.0556632e+00  -1.8774873e+00   3.8934051e-01   7.0602159e-01  -1.6523282e+00  -1.7219367e-01  -2.4531097e-01   3.5966817e-01  -1.9600218e+00   9.9719673e-01
   2.0000000e+00  -8.1668651e-01  -8.6689341e-02  -3.8531815e-01  -1.7478639e+00  -3.0922604e-01  -7.1869954e-01   7.1619946e-01  -4.7354301e-01   9.4762593e-01   1.0354047e+00
   1.0000000e+00   1.0725664e+00  -3.5817026e-01  -1.3993332e+00   1.5649581e+00   1.8473556e-01   1.6726231e+00   3.8468284e-01   4.1214974e-01  -3.6465410e-01  -3.7454115e-01
   2.0000000e+00   4.0964664e-03   5.3622084e-01  -1.5549413e+00   7.4341980e-02   5.7562047e-01  -8.0654974e-01   8.4442049e-01  -3.6059623e-01  -4.7120154e-01   6.2357519e-01
   2.0000000e+00   1.2245204e-01  -1.4189501e+00   9.1358834e-01   1.1570890e+00   9.1536208e-02   2.4873723e-01  -8.3494778e-01  -1.4929858e-01  -2.7507671e+00  -4.3735298e-01
   2.0000000e+00  -3.1329880e+00  -1.5697417e+00   2.6096613e+00   2.7970465e-01  -2.3317610e+00   1.0702860e+00  -2.4339505e-01   5.9792131e-01   7.0268128e-02   1.2529259e+00
   2.0000000e+00  -2.7423247e-01  -8.9180166e-01  -1.4677716e-01  -2.8265281e-01   4.2319053e-01  -7.3864296e-01   1.5453087e+00   7.2502358e-01   1.4976289e+00  -1.4633442e+00
   2.0000000e+00   4.4736778e-01  -7.6793098e-02   5.6052188e-01   2.4862480e-01  -9.9521775e-01  -5.8008565e-01   8.6947954e-01   1.8840054e+00   4.7028373e-01  -3.7548608e-01
   2.0000000e+00   1.2028601e+00  -4.9137723e-01   7.4838529e-01  -6.7045103e-01   2.1128851e-01   3.7326971e-02  -3.3976095e-01  -9.5433883e-01  -3.2652379e-01   3.5083721e-01
   1.0000000e+00   1.0706413e+00  -2.8213091e-01  -1.6465386e+00  -1.3601136e+00   4.4939979e-01   2.3536768e-01   3.3233629e-01   1.2593027e+00  -6.8845680e-01   7.7914246e-01
   2.0000000e+00   1.2450221e+00   3.1805780e-02   6.9956245e-01  -2.7856068e+00  -4.9866172e-01  -2.8362773e-01  -1.2249849e+00   7.1492938e-01  -1.5200446e+00   3.0338294e-01
   2.0000000e+00   3.7123259e-01  -1.9349340e+00   2.9279208e+00  -2.2081532e-01  -4.2999390e-01   4.4163079e-01  -4.5339843e-01  -2.0016057e-01   2.4974321e-01   2.1756992e+00
   2.0000000e+00  -3.3454312e-01   3.0584048e-01  -4.6330750e-01  -1.1643071e+00   2.6094784e-01  -1.2395808e-01   1.0669110e+00   7.3464507e-01   1.4862908e+00  -9.1380306e-01
   2.0000000e+00  -1.0277687e+00   1.5863574e-01   2.2143874e+00  -8.2316915e-01   1.4297337e-01   8.1665926e-01  -3.0201444e-01  -7.0887819e-01  -7.4662913e-01  -4.7733995e-01
   2.0000000e+00  -8.7752676e-01  -1.5816748e-01   1.2878286e-01   2.6277963e-01   1.4554908e+00   7.0840374e-01  -1.2414074e+00  -1.7991157e-01  -2.1928835e-02  -8.6651327e-01
   1.0000000e+00  -1.1452596e+00  -1.0045253e+00   3.4818799e-01  -3.2818556e-03  -3.9113146e-01   7.2930521e-01   3.3509380e-01   1.6101990e+00  -5.3313793e-01   1.5309765e-01
   2.0000000e+00   1.6694033e+00  -9.9150812e-01   1.6654401e+00   2.8833675e-01   1.8182805e+00   1.3575437e+00   1.4279123e+00  -8.9040851e-01   1.4284111e+00   1.3641283e+00
   1.0000000e+00  -1.4780914e+00   1.9464065e+00   8.7195552e-01   6.5473892e-01   5.1553680e-01  -4.8744650e-02   1.5405356e-01   9.5328476e-02   6.6238824e-01   6.1319398e-01
   1.0000000e+00   7.4345459e-01  -7.7355541e-01   3.2993298e+00  -1.1236733e+00  -1.6303842e+00  -2.1721899e-01   3.2095298e-01  -1.1802037e+00  -6.2478158e-02  -3.7343239e-01
   2.0000000e+00  -1.1848621e+00  -2.1843625e-02  -1.6109162e+00  -2.2569323e+00  -1.2819310e+00   7.2939319e-01  -1.0194741e+00  -3.6988761e-01   1.4990736e+00   2.9667611e-01
   2.0000000e+00   6.3595884e-01  -7.1129742e-01   2.4552346e+00  -1.4260575e+00  -1.9703785e+00  -7.6618739e-01  -8.7013951e-01  -7.6003543e-01   3.3127197e-01   2.2973710e+00
   1.0000000e+00   2.8055444e-01   4.4811482e-01  -4.5370061e-01   3.8697673e-01   1.2344821e+00  -2.3325631e-01   1.7775179e-01   1.1813497e+00  -7.5177128e-01  -4.6855335e-01
   2.0000000e+00  -1.1634224e+00  -4.1819748e-02  -1.5858352e+00  -6.6568842e-01   7.9144421e-01   2.6040721e-01  -3.1778334e-01  -8.5019467e-01   2.4559258e-01   7.3023290e-01
   2.0000000e+00   7.8017362e-01   2.9247506e-01  -1.2572941e+00  -9.6790949e-01  -8.1295180e-01  -8.3065173e-01   1.5444024e+00   6.0165490e-01  -4.9986810e-01   1.1889910e+00
   2.0000000e+00  -9.5976717e-01  -3.7849883e-01   6.9605185e-01  -1.2426067e-01   9.4375067e-02  -9.9461842e-01   8.1274764e-01  -1.3205799e-01  -1.0188655e+00  -9.7256099e-01
   2.0000000e+00  -1.1634312e+00   7.1443135e-01   8.4423503e-01  -9.5818488e-02   1.1555390e+00  -6.7319563e-01   1.3624241e+00   1.2801983e-01  -8.0285603e-01  -1.3600186e+00
   2.0000000e+00  -1.3085667e+00  -9.2708912e-01   9.8837853e-01   2.9767651e+00   4.3071004e-01   1.6780402e-02  -2.7975706e-01   2.3930056e+00   5.7611834e-01   2.7418267e-01
   2.0000000e+00   1.8388760e-01  -3.6237245e-01  -1.0155158e+00   8.4221216e-01  -5.3062916e-01  -8.4939105e-01  -7.0515151e-01  -8.6090874e-01   1.2811632e+00   1.0537210e-01
   2.0000000e+00  -2.9008508e+00   1.5317463e+00   7.5943990e-01  -1.2852838e+00  -2.0355330e-01  -1.1432076e+00  -1.0568912e+00   1.8016189e+00  -4.3891047e-01   7.0762536e-01
   2.0000000e+00  -9.4474951e-02  -2.1972124e-01   3.1201113e-01   1.8819770e+00  -3.5222957e-01  -2.2240645e+00  -6.4184185e-01   6.2539700e-01  -9.6252293e-01   2.5316840e-01
   2.0000000e+00  -1.3653529e-01  -2.4275746e-01   3.4430481e-01  -1.3963401e+00  -2.3947595e+00  -7.0176596e-01  -1.6968112e-01   3.1469126e-01   1.5917147e+00  -9.5676881e-01
   2.0000000e+00  -5.8005146e-01   3.5972163e-01   4.5487394e-01  -6.5920504e-02  -2.3593922e-01   2.8342344e-01   2.4361429e+00  -8.6068090e-01   9.6729721e-01   4.3348487e-01
   2.0000000e+00  -5.0486827e-01  -1.1730217e+00   1.0516461e+00  -2.4478929e+00  -1.2303548e+00   1.9312477e+00   1.2834675e+00   5.0328351e-02   8.0449973e-01  -2.2574274e-01
   1.0000000e+00  -2.0997392e+00   1.7200519e-01   5.5668268e-01  -1.4529773e-02  -1.7379209e-02  -4.5039089e-01   2.3751178e-04  -1.9174323e+00  -7.2568954e-01   1.4202023e+00
   2.0000000e+00  -7.4063722e-01  -1.7684617e-02  -7.4635854e-01  -7.1255074e-01   1.3314379e+00  -1.8139244e-01  -1.1617751e+00   1.3488401e+00  -1.1105833e+00  -1.0068088e+00
   2.0000000e+00   9.1426451e-01   1.1599756e-01   1.2092180e+00   7.4083788e-02   1.9901250e+00  -6.5322970e-01   1.7887573e+00  -2.6035068e-01   1.4848082e-01  -2.0489339e-01
   2.0000000e+00   6.1699795e-01   1.7442308e-01  -1.1636708e+00  -1.3069620e+00   4.1308755e-01   1.6498734e+00  -5.3739386e-01   1.1476971e-01  -1.1979797e+00   7.9096043e-01
   2.0000000e+00  -6.7053127e-01   7.2581498e-01   1.4071447e-02  -1.4599839e+00  -4.0318069e-01   6.7495514e-01  -2.4861981e-01   1.4921934e+00  -2.8098643e-02  -1.7755847e-01
   1.0000000e+00   1.5792324e-01   1.2882651e+00  -1.1811562e+00   1.1205038e-01   1.1830638e-01  -1.1837723e+00   7.6679906e-01  -9.8587393e-01   2.8417157e-01   1.7599060e+00
   2.0000000e+00  -3.6200203e-01  -5.1023994e-01  -1.9947400e-01   4.5168613e-01   3.7817088e-01  -1.1167728e+00   8.9072052e-01   2.6475902e-02   4.9765479e-01   2.2551058e+00
   1.0000000e+00  -1.6403311e+00  -8.0915193e-01  -8.9346173e-02   1.1771200e+00   3.4385211e-02  -1.4127458e+00   2.2162882e-01   6.8136117e-01  -4.0518232e-01  -2.3472829e-02
   2.0000000e+00  -2.0911229e+00  -1.5192115e-01   3.7710346e-02  -1.3567841e+00   1.7443733e+00  -1.3637029e+00  -2.5550731e-01  -8.5504229e-01   4.3453425e-01  -1.3589972e+00
   2.0000000e+00  -2.8062710e-01  -2.4864253e+00   2.5259841e-01  -3.3129433e+00  -7.0330754e-01  -9.5150128e-01  -1.4102404e+00   1.0122621e-01  -9.9161382e-01   1.8384029e+00
   1.0000000e+00  -1.7517856e-01  -8.0493565e-01  -3.7063413e-01  -3.0246869e-01  -4.7073865e-01   2.7520955e+00   8.3082597e-02  -2.8484433e+00   3.4246401e-01   4.6364395e-01
   2.0000000e+00   2.4346570e+00  -5.1481128e-01  -1.5572281e-01   2.7617993e-02   2.1321588e+00  -6.5640700e-01  -6.5401932e-01  -5.3299863e-01  -2.5362607e-01   2.9026453e-01
   2.0000000e+00   3.1599190e-01  -1.6004924e+00   7.2386199e-01   8.1733504e-01  -1.6071650e+00  -6.2814559e-01  -1.3974510e-01   4.5581863e-01   1.1188911e+00   1.4236010e+00
   2.0000000e+00  -4.6058993e-01  -4.8487913e-01  -6.3070907e-01   5.9227863e-01  -8.8585155e-01   1.7402906e-01  -5.2659582e-01  -8.1374153e-01   5.9732751e-01   9.8176118e-01
   2.0000000e+00  -9.6299814e-01   2.0807456e+00   4.8470450e-01  -2.4265924e+00   7.5937904e-03  -1.3172536e+00  -7.2247372e-01  -7.5936547e-02  -5.9138001e-01  -9.6625331e-01
   2.0000000e+00  -6.5244349e-01  -1.2462538e+00   1.8467586e+00   4.4754606e-03  -9.8349083e-01  -1.0767785e+00   1.0020952e-01   3.4698265e-01  -1.3547544e+00  -3.5514258e-01
   2.0000000e+00  -1.4167470e+00   5.4450721e-01   7.7098522e-01   5.1691321e-01   7.3931954e-01   1.6880093e+00   1.1335071e+00   2.0673715e+00   1.8213973e+00  -1.8881767e-01
   2.0000000e+00   2.1282506e-01  -3.8785046e-02   7.6200824e-01  -7.5163838e-01  -5.1119133e-01  -1.6521758e+00   2.5565153e+00  -6.4342241e-01  -7.3110377e-02   2.7677499e-01
   1.0000000e+00   5.6498112e-01   7.9096679e-02  -3.7725359e-01  -9.6978775e-02  -1.6732105e-01  -3.5208335e-01   2.1728642e-01  -2.9722028e-01   5.5086814e-01  -2.5125068e+00
   2.0000000e+00   2.5935951e-01   7.2846127e-01   5.7527993e-01   1.8376530e+00  -4.8584093e-01  -2.7148533e-02   9.4790505e-01  -6.1195919e-01  -1.3511166e-01   9.3136614e-01
   2.0000000e+00  -1.6505802e-01   8.7864261e-01  -1.3737729e+00  -1.1220889e+00   2.1235654e+00   3.3714603e+00  -2.3744901e+00  -1.1684427e+00  -1.1950312e+00   4.3118757e-01
   2.0000000e+00   2.0556221e+00   3.5724952e-01  -1.5179065e-01   9.5436815e-01   3.6581229e-02  -1.4287090e+00  -7.3401041e-01  -2.0514170e+00  -9.7888363e-01   7.6873055e-01
   2.0000000e+00  -1.7536446e+00  -1.7440202e-01  -2.7085833e-03   1.4041343e+00  -1.3253316e+00   8.0839494e-01  -1.2004299e+00  -1.6352528e+00  -2.5876677e-01   4.2614456e-02
   1.0000000e+00  -6.2950094e-01  -4.6425618e-03   6.2096908e-01   7.8973637e-01   5.3703515e-01   8.5438644e-01   3.7265208e-02   7.7549746e-01  -7.6476105e-01   6.5044962e-01
   2.0000000e+00  -5.5295521e-01   6.0144025e-01   1.8231613e+00   1.0464053e+00  -1.2652927e+00   6.8882271e-01   1.5674303e+00   1.0177928e-01   7.8246746e-01  -4.8441116e-01
   2.0000000e+00  -2.2413753e-02   7.6833607e-01  -7.1777076e-01  -1.2909721e-03   1.1613046e-01   1.4849291e+00  -1.0970359e+00  -2.0627109e+00  -7.7388843e-01   5.9357950e-01
   1.0000000e+00   6.5765009e-01   7.8623303e-01  -1.5701501e+00  -4.2446669e-02   1.6310678e+00  -9.2479713e-01   1.9893547e-01   6.6446001e-01   7.9144425e-01   1.3741734e+00
   2.0000000e+00  -8.0375574e-01   9.2650959e-01   9.1670994e-01  -1.3487862e+00  -1.4667852e+00   1.0632858e+00  -1.1175537e+00  -1.9073778e+00  -8.2306704e-01  -2.0974801e-01
   2.0000000e+00  -7.4712946e-01  -1.2328936e+00   1.4649807e+00   9.8290199e-01   2.1556669e+00  -8.5319139e-02   2.1998574e+00  -7.2710510e-01   4.7176528e-01  -3.3022684e-01
   2.0000000e+00  -4.5052565e-01   7.5164443e-01  -9.4335501e-01   9.2871054e-01   9.1086622e-01  -1.2921090e+00  -8.5597149e-01  -1.1251814e+00  -3.0742598e-01  -5.7006790e-01
   1.0000000e+00  -1.9334171e+00  -7.9491497e-02   1.5806890e+00   8.7901068e-01  -1.9615751e-02   4.2731837e-01   7.3398789e-01  -1.3305666e+00  -2.9455082e-02   1.8997165e-01
   2.0000000e+00   8.9773056e-01  -9.1622765e-01  -1.5161827e+00   3.0059040e-01  -1.9309966e+00   4.3748466e-01   1.5269237e+00   1.1098948e+00   2.3419061e-01   1.6807014e-01
   2.0000000e+00  -4.8545426e-02   1.9512185e+00  -8.8148294e-01  -3.5925880e-01  -1.4388646e+00   4.9566045e-01  -6.2093107e-01  -9.3114418e-01   1.4145962e+00   9.1413394e-01
   1.0000000e+00   1.1183078e+00   2.0085822e+00  -8.6452713e-01   1.7693138e-01  -3.6900152e-01  -9.1072699e-01   3.1749908e-01   8.9075585e-01  -1.1626579e-02   7.6007957e-01
   2.0000000e+00  -8.6409226e-01   1.2719156e+00  -4.1536561e-01   1.6106749e+00  -1.7948162e-01   3.5224892e-01  -1.3763417e+00   1.7833974e+00   1.3066981e+00   1.0154429e+00
   2.0000000e+00   1.2729277e-01   1.7495911e+00  -6.8484196e-01  -6.6637757e-01   5.3900960e-01   9.1288822e-01   5.0173583e-01   1.0666263e-02   7.9300886e-01  -5.9994457e-01
   2.0000000e+00   2.0676119e-01  -1.4041048e+00   3.0123284e-01  -5.4538548e-01   1.7386537e+00  -3.0616714e-01   7.9444665e-01   1.5919657e+00   6.2257018e-01  -6.2157731e-01
   2.0000000e+00   1.4170194e+00  -5.7064937e-01  -4.7754069e-01   1.0606004e+00   1.0455953e+00  -9.5504540e-02   3.2705522e-02   8.1962480e-01   9.6712695e-01  -5.1957106e-01
   2.0000000e+00  -1.2053028e+00  -1.0936187e+00  -6.1213947e-01   7.5069984e-01   2.1266613e+00   3.5942807e-01   2.0331217e-01   5.9905854e-01  -1.6973636e+00  -1.7138452e+00
   2.0000000e+00   8.7033425e-02   1.7613508e+00   1.9730186e+00   1.5980184e+00   2.4480194e-01   1.2193849e-01  -8.4786103e-01   1.0485866e+00   7.8015380e-01   1.2287682e-01
   2.0000000e+00  -5.9779211e-01   2.1081090e+00  -5.0313093e-01  -2.0669132e+00   4.3746698e-01   8.0793181e-01  -1.0883196e+00   9.0735785e-01  -8.5214121e-01   1.1769902e+00
   2.0000000e+00  -6.4976285e-01   7.3920088e-01  -2.2096453e+00   5.7745659e-02  -2.6248722e+00   8.6364318e-01   6.9400073e-01   1.8330150e+00   1.7776326e+00  -2.7473775e-01
   2.0000000e+00  -1.5524720e+00   1.1817150e-01   9.6756518e-01   6.5430458e-01   5.4761863e-01  -3.1952565e-01   2.9852338e-01   1.6333415e+00   8.7163111e-01   1.8393571e-01
   2.0000000e+00   2.2876121e-01  -4.2643641e-01   1.4088883e+00  -6.0994699e-01   1.0945195e+00  -9.3389437e-02   1.3205467e+00  -8.3866490e-01  -2.5594384e-01   1.5889956e-01
   2.0000000e+00  -1.7351267e-02  -5.9870188e-01   9.6894892e-01   1.0686001e+00  -1.3136252e+00   1.7661979e-01  -2.1693607e-01   4.8043866e-01   1.0073623e+00   1.4933520e+00
   2.0000000e+00  -7.3200427e-01   1.0470651e-01   6.5806715e-01  -9.0032236e-02   5.4808970e-01  -2.9286952e-01  -5.5211126e-01   1.3215160e+00   1.0601736e-01   6.4246990e-01
   2.0000000e+00  -1.3636560e-02  -3.4035856e-01  -5.8471579e-01  -1.6756401e+00   1.2321963e-01  -3.8212906e-01   5.9760115e-01   4.1622193e-01  -1.2518452e+00   1.9449996e+00
   2.0000000e+00   3.1174796e-01  -4.7523420e-01  -3.8048553e-01   8.2864675e-01   1.6301546e-01  -1.0758950e+00  -1.9182061e-03   6.3926783e-01  -1.0139392e-01  -1.7657953e-02
   2.0000000e+00  -1.9684091e-01   5.6452402e-01   1.1909089e+00   5.2149273e-02   9.9203275e-01   5.0054472e-01   1.0289971e+00   3.9511147e-01  -1.8825444e-01  -7.9338125e-01
   2.0000000e+00  -1.1826525e+00  -2.1196891e+00   1.5229489e+00   1.0228465e-01  -9.7931065e-01   4.4498556e-01  -1.3553476e+00  -1.3879472e+00   8.3614682e-02  -2.0748845e+00
   2.0000000e+00  -4.2521025e-01   1.1962581e+00  -8.8995641e-01  -3.9910466e+00   3.2881742e-01  -5.5071340e-01   1.6857171e+00  -8.4289926e-01   7.9904088e-01   4.5025551e-01
   2.0000000e+00  -1.5967020e+00   9.4843877e-01   7.4551877e-01  -1.5425346e+00   2.2709263e+00  -6.8246858e-01   1.1746459e+00   1.7232428e-01   2.4015234e+00  -8.3641060e-01
   2.0000000e+00  -8.3411219e-01   1.0647536e+00  -2.8519759e-01   6.9684772e-02   1.0700273e+00   3.6119968e-01   1.0131671e+00  -3.9112030e-01  -8.4114955e-01   1.9802667e+00
   2.0000000e+00   1.1184425e+00  -4.4177144e-01  -5.7733601e-01  -5.7085765e-01   5.8328027e-01  -4.6437364e-01   1.6872658e-01   2.2463980e-01   2.0483771e+00  -4.8787625e-01
   2.0000000e+00   8.2814619e-01   6.8884495e-02   1.3398867e+00   1.4384838e+00   3.0467792e+00  -1.4351793e+00  -1.9344472e+00   1.1003480e+00   1.9506797e-01   1.4271919e+00
   2.0000000e+00   1.3460052e+00   1.7753186e-01   2.4167501e+00  -1.8739891e+00   1.5969388e-01  -9.6576285e-02  -7.6998119e-01  -4.5297227e-01   6.8395755e-01  -8.1514969e-01
   2.0000000e+00  -1.3593432e+00  -8.0435214e-01   1.6209545e+00  -1.2951449e+00  -2.0845782e+00  -9.9903643e-01  -5.3836651e-01  -9.9065606e-01   2.0072455e-01   1.1514684e+00
   2.0000000e+00  -1.7576557e+00  -1.4708710e-02  -4.3237751e-01   1.5913133e+00  -1.7410567e+00   6.9716744e-01  -1.8695630e+00   6.3443231e-01   4.1566483e-01  -2.2001250e-01
   2.0000000e+00  -1.0667567e+00  -6.1536758e-01  -1.5867685e+00   4.6730420e-01   1.4735265e-01  -9.7719669e-01   1.6006587e+00  -2.6138865e+00   6.4838414e-01   6.2528162e-01
   2.0000000e+00  -1.8310796e-02   4.2334385e-01  -6.2805840e-01  -1.9320865e+00  -5.0822294e-01  -1.3425496e+00  -6.4294214e-01   1.7012721e+00  -1.2367590e+00  -7.2473618e-01
   2.0000000e+00   8.0498657e-01   3.1237703e-01  -1.4193099e+00  -1.8522272e-01  -5.3540507e-01  -9.2858143e-01   1.3189361e+00   8.3562164e-01   8.5089202e-01  -9.8240400e-01
   2.0000000e+00   4.2037892e-01  -6.4864851e-01   5.6335414e-01   1.5151752e+00   3.4799803e-01   1.9833735e+00  -1.7881455e+00  -2.1653113e+00   1.5476589e+00  -1.9083755e-01
   2.0000000e+00   1.1893604e+00   1.1715429e+00  -7.1676809e-02  -6.0445111e-02   5.4262274e-01   9.0941355e-01   1.6422546e+00  -9.0493563e-02   1.2990234e+00   2.5139730e+00
   2.0000000e+00  -9.2934416e-02   4.4726184e-01   3.5233943e-01  -1.6585711e+00   9.8626489e-01   5.7181669e-02  -5.4451102e-01   1.5305172e+00   1.0019549e+00   6.3511389e-01
   2.0000000e+00   6.5620696e-01   6.7749305e-01  -3.4406014e-01  -5.2611593e-01   1.5086295e+00  -1.0138343e+00  -9.4116362e-01  -3.6172469e-01   2.2945068e-01   7.3407646e-02
   2.0000000e+00   7.0725675e-01   2.8202580e-01  -1.7171570e-01  -1.2720706e-01  -1.6732687e-03  -4.9815261e-01  -1.1081174e+00  -3.7468861e-01   9.1792578e-01  -8.9563723e-01
   2.0000000e+00   1.5275365e-02   1.0371631e+00   2.3912462e-01   1.1865837e+00   8.0717072e-01   5.9377475e-02  -2.5517238e-01   1.3367145e-01  -2.1884079e+00   1.3086447e+00
   2.0000000e+00  -1.1146473e+00  -7.2939821e-01  -3.5848437e-01   1.0626865e+00  -5.9541117e-01  -2.6778587e-01  -1.5869533e+00   6.9895649e-01   6.7822344e-01  -3.9668022e-01
   2.0000000e+00  -7.0636909e-01  -4.8824862e-01  -1.3323073e+00   1.1712234e-01   5.0283051e-01   1.9442665e+00   2.7774593e+00  -2.5094425e-01  -2.6362707e-01  -3.3803419e-01
   2.0000000e+00   1.2752308e-01  -4.5765471e-01   9.8551786e-01  -4.9092125e-02   1.2896382e+00   6.1360793e-01  -7.0416589e-01  -5.6781746e-01  -5.0593014e-01   8.1424197e-01
   2.0000000e+00   8.3046395e-01   8.7843839e-01   2.3961821e-02   8.1035809e-01   3.8035535e-01  -7.3712554e-02   4.2915593e-01  -1.7204835e+00   1.3236264e+00  -1.1701871e+00
   2.0000000e+00  -8.2876486e-01  -1.2120031e+00  -1.7984365e-01   6.6467874e-01   1.1681700e+00   1.5420971e+00  -1.5135102e+00  -8.3597739e-01  -2.3110049e-01   2.1761611e-01
   1.0000000e+00  -2.9501453e-01  -2.7729683e+00  -2.4047710e-01   1.1344160e+00  -1.0035693e+00  -2.4364298e-01   6.1671314e-01  -3.6732270e-02   1.7024567e-01  -5.5097986e-01
   1.0000000e+00  -1.4089606e-01   1.0283204e+00   2.2977380e+00  -8.3499397e-01   2.5765792e-01  -2.8729539e-01   6.2703247e-02  -1.1071370e+00  -5.2486648e-01  -1.4799652e+00
   2.0000000e+00   2.0061013e+00   6.9520087e-01   9.2464757e-01   1.4167007e+00   2.1861574e+00   1.0681767e+00  -1.1950293e-01   7.8914239e-01  -1.1003548e+00   9.4146328e-01
   2.0000000e+00  -7.8056837e-01   1.6333758e+00  -4.0149598e-01   2.1253035e+00   1.6012675e+00   5.7546105e-02   1.2972667e+00   2.4653182e-01   1.7024508e-01   1.1717309e+00
   2.0000000e+00  -8.3782372e-01  -1.9929196e+00  -1.1113490e+00  -7.2311777e-01  -4.9389877e-01  -3.3293722e-01   4.2660102e-01  -9.3274003e-02  -1.3409642e+00   6.7614432e-01
   2.0000000e+00  -1.4747338e+00  -1.0753965e-01  -1.2920674e+00   1.5142548e+00  -6.8545641e-01   7.7385542e-01  -4.5153811e-01  -2.7950392e-02  -5.0824666e-01   1.8754652e-01
   2.0000000e+00  -1.1845027e+00   2.5310289e-01   7.9748224e-01  -1.3953186e+00  -8.8918979e-03  -1.1181665e+00   1.2896487e+00   2.3979407e+00  -1.2852291e-01   3.8423360e-01
   2.0000000e+00  -4.4159187e-01  -1.5772641e+00   9.3829505e-01   2.4195036e+00   2.0370754e+00  -2.8869907e-01  -4.5649446e-01   1.5255564e+00  -9.3109585e-01   3.8082012e-01
   2.0000000e+00  -2.2291411e-01  -8.7820275e-01  -1.5210273e+00   1.2029066e+00   1.0426717e+00   1.0525413e+00   6.1518676e-01  -1.3245490e-01   9.0842574e-01   4.1236033e-01
   2.0000000e+00  -8.9216550e-01   1.5921008e+00  -1.1555934e+00   1.0750947e-01   2.3712166e-01   1.5276232e+00  -2.9370515e-01   2.6150795e+00  -1.7476066e+00  -4.8401365e-02
   2.0000000e+00  -9.3170861e-01  -1.1832566e+00   6.7064886e-02   2.6147408e-01   1.8747167e+00  -1.1840311e+00  -5.0492396e-01  -5.3363507e-01  -1.0000849e+00  -2.4991565e-01
   2.0000000e+00   6.5174288e-01   1.3617053e+00   1.3807477e+00  -9.3772122e-01  -6.6763937e-01  -1.0254587e+00  -3.9886480e-01  -6.9376088e-02   1.3144496e-01   1.1471838e+00
   2.0000000e+00   6.9287107e-01   1.7479422e+00   1.3489943e+00   4.3889764e-01   2.5938838e-01   5.9930853e-01   1.1009865e+00  -5.7364821e-01  -2.2092900e+00   1.0266234e+00
   1.0000000e+00  -3.0009388e-02  -5.8735263e-01   3.0759235e-01  -3.8659253e-01   7.9701548e-01  -2.2501328e+00   4.1973562e-01  -9.7799496e-02  -7.0416582e-01   5.3255368e-01
   2.0000000e+00  -1.3316586e+00  -6.4746370e-01  -7.8003586e-01   2.4885868e-01  -5.5543478e-01  -1.2030543e-02  -3.2387648e-02   1.1436380e+00  -6.0192560e-01   1.4697738e-01
   2.0000000e+00   2.2910846e+00   3.5017537e-01   4.3794758e-01   1.1290235e+00   6.4933651e-02  -1.8108804e-01  -6.9280630e-01   1.3716912e+00  -1.0645202e+00   1.6985401e-01
   2.0000000e+00   3.7943949e-01   5.4758877e-01  -5.9007832e-01   4.6248910e-01  -5.5116248e-01  -1.4280339e-01   1.8401388e-01   3.1085198e-01  -1.1611985e+00  -3.4185621e-01
   2.0000000e+00  -2.3819131e-01  -9.7045805e-01   1.7667706e-01   1.0306131e+00   5.4535776e-01  -1.7911658e+00  -2.4667439e-01  -8.6150594e-02   3.1921531e-01   6.1396734e-02
   2.0000000e+00  -4.1765830e-01  -1.1993515e-01   7.2634707e-01  -1.0934636e+00   7.5559960e-02   8.7458918e-01   1.6048393e+00  -5.4426935e-01   2.1192091e+00  -2.6473129e+00
   2.0000000e+00  -6.3019754e-01  -2.5275952e-01   1.2090195e+00   1.8087123e+00   7.0227360e-01   9.3976072e-01   1.2181839e+00   4.5211834e-01   6.9586448e-02  -2.8373449e-01
   2.0000000e+00   5.0713645e-01  -1.3052177e+00  -2.2908209e-01  -1.2865027e-01  -1.6431298e+00   7.9409588e-01  -1.4153756e+00  -2.4650350e+00  -3.9229681e-01   8.3397257e-01
   2.0000000e+00   4.4184580e-01   4.8673488e-01   9.4673395e-02   1.1830345e+00   4.2842268e-01   9.5699326e-01   1.0905451e+00   8.9525300e-01   9.2424965e-02   2.3735255e-01
   2.0000000e+00   1.3033475e+00   9.0415988e-02   9.2297097e-01   5.2199499e-01  -3.3252769e-01  -9.9763716e-01  -3.1903174e-01   5.8984751e-01  -5.5328079e-02   3.9490984e-01
   2.0000000e+00  -1.0471652e+00   1.5078822e+00   6.6385450e-01  -2.2907731e-01  -5.0129755e-01  -1.0411496e+00   7.3280240e-02   8.9936707e-01  -1.0216262e+00  -4.4616941e-02
   2.0000000e+00   2.6670195e-01  -1.6682470e+00   1.5996692e+00   7.8199281e-01  -5.2698117e-01   1.4869224e+00   1.1346610e+00   6.0630562e-01  -8.0241834e-02  -4.9510865e-02
   1.0000000e+00  -1.1144198e+00  -2.6698190e+00  -6.2221455e-01  -8.1106643e-02   1.1800987e-01   4.7464014e-01   7.0154666e-01   1.1923195e-01   2.8037707e-01   7.8147090e-01
   2.0000000e+00  -1.2782663e+00  -6.4858958e-01   5.2875175e-01  -7.6028362e-01   1.8089826e-01  -1.3372895e+00  -7.0020066e-01  -2.3076359e-01  -3.4086245e-01   7.9897741e-01
   2.0000000e+00  -7.8588985e-01  -1.2096651e-01  -9.4615334e-01  -1.2313322e+00   2.9581444e-01   1.1581158e-01  -1.2163049e+00  -9.1935364e-01  -1.0567093e+00  -4.6578894e-02
   2.0000000e+00   9.9108517e-02   5.2399255e-01   4.1169617e-01  -1.3614007e+00   1.8376731e+00   3.1931110e-01  -3.1508699e-01   1.9047929e+00  -9.0195772e-01  -7.9653885e-01
   2.0000000e+00   1.3800789e+00   1.2441852e+00   1.9481170e+00  -3.2851005e-01  -8.5833468e-01  -2.0005755e+00   4.1421926e-01  -1.1101514e+00   8.4245171e-01   1.0241842e+00
   2.0000000e+00  -5.8046876e-01   7.8976121e-01   2.5536705e-01  -6.5714803e-01  -2.3252717e-01  -2.1440351e+00  -5.9275426e-01  -7.1951418e-01   3.6705302e-01   3.5280013e-01
   1.0000000e+00   4.3668927e-01   1.9145152e-01   1.4851593e+00   1.8747744e-01  -1.0355096e+00   4.3073987e-03   2.0634698e-01  -8.9247115e-01   4.6221359e-02   2.7114788e-01
   2.0000000e+00  -2.2989378e-01  -1.1355441e+00   3.9712229e-01  -6.3461581e-02   2.6140209e-02  -1.2334829e+00  -2.0486570e+00  -1.5074098e+00   2.4140930e-01   9.4041378e-01
   2.0000000e+00   7.3610517e-01   9.6827927e-01   9.0414571e-01  -3.1578546e-01  -4.1767133e-02  -3.9170941e-01   1.4604434e+00  -4.7634633e-01   4.1470157e-01   1.7217679e+00
   2.0000000e+00   8.0845473e-01   1.7941581e+00   1.0098975e+00   1.3616134e+00   7.0581325e-03   2.6437333e-01   1.4876197e+00   3.1349161e-01  -1.0673454e-01  -9.5777918e-01
   2.0000000e+00   6.1358695e-01   1.0419916e+00   7.4072877e-01  -1.0019031e+00  -9.6568616e-01   2.8754568e-01  -1.1045246e+00  -2.8538780e-01  -2.8918966e-01   2.1009326e+00
   2.0000000e+00  -2.3679024e-01   4.1614109e-01   4.4682466e-01  -3.7308376e-01   1.6392704e+00  -6.3824828e-01   4.1991596e-01   4.0242810e-01  -9.9441697e-01  -7.1222179e-01
   1.0000000e+00  -3.9957022e-01   1.1257984e+00   9.7742474e-01  -2.8742218e-01  -2.2884365e-01   1.4633347e+00   4.8435446e-01   1.0504022e+00  -2.2380595e-01  -3.3256997e-01
   1.0000000e+00   9.9700579e-01   1.3061889e+00   1.4488922e-01  -1.3866197e+00  -3.3284492e-01  -3.1854464e-01   3.7019286e-01  -7.1738635e-01   7.2156375e-03  -1.1864689e+00
   2.0000000e+00  -6.8760059e-01  -1.6360992e+00   6.1508045e-01   1.5643114e+00   5.8643529e-01   6.0912922e-01   1.8862744e+00  -5.7742699e-01  -9.7628052e-01   1.7738474e+00
   2.0000000e+00  -1.1484991e+00   5.0880969e-01   1.0223616e+00  -1.5628852e+00   2.2840818e-01   2.0419746e+00  -1.8269405e+00  -1.1549571e+00   1.0949324e+00  -1.0538229e+00
   2.0000000e+00  -1.3430716e+00   7.0320412e-01  -9.7516279e-01   5.4502136e-01  -2.6526088e+00   2.0365787e+00  -1.8141262e-01   1.5006540e-01  -4.9202839e-01   1.2237832e-01
   2.0000000e+00  -2.4330580e-01   5.5169768e-01  -1.5313507e+00  -5.1868894e-01  -8.1742343e-01  -2.8370090e-02   1.4370284e+00  -7.6254341e-01  -6.4207051e-02  -2.4536535e-01
   2.0000000e+00  -1.4195157e+00   8.6545436e-01   2.4547893e-01  -2.0574418e-01  -7.4717388e-01   8.9247340e-01  -1.4257088e+00   1.2783605e+00  -1.1672020e-01  -1.1511875e+00
   1.0000000e+00  -7.6388477e-01  -3.6649679e-01   5.8378307e-02  -1.6736636e+00   1.5882125e+00  -8.3958454e-01   1.9531558e-01   2.1665515e-01   8.3041476e-01  -4.3223896e-01
   2.0000000e+00   2.0960955e-01  -2.4075481e-01   2.2138273e-01   6.1103205e-01  -6.1006625e-02   6.7752540e-01  -1.3672431e+00   2.1008075e-01  -2.7798424e-01  -1.3438012e+00
   2.0000000e+00   1.3861079e+00   5.9304799e-01   1.0828631e+00  -8.3445077e-01   1.9630993e+00   1.0127973e+00   2.2979542e-01  -1.8352071e+00  -1.9490338e+00   1.3990746e-01
   1.0000000e+00   2.1113973e+00  -1.3741973e+00   8.5148108e-01  -2.1658017e-01  -1.8415052e-01   4.5963204e-01   3.0935485e-02  -1.2604590e+00  -2.6144784e-01  -7.5862224e-01
   1.0000000e+00  -3.0208057e-01   2.2428805e-01  -9.0278576e-01  -1.2462899e+00  -2.9250440e-01   5.3699882e-01   4.5101308e-01  -1.0509538e+00   2.7574891e-02   1.7635340e+00
   2.0000000e+00   1.2122061e+00  -1.0443076e+00  -2.6045831e-01   2.6286886e+00  -3.4687267e+00   8.8272852e-01   2.8276651e-01  -1.2304031e+00   3.6524146e-01  -1.0663265e+00
   2.0000000e+00  -3.1932718e-01   1.8519113e-01   1.5906847e+00  -4.7092303e-01  -8.0192469e-01   1.0069267e+00  -2.1195021e+00   2.1228308e-01  -1.0168332e+00   1.0450438e-01
   2.0000000e+00   1.0533829e+00  -5.7580250e-01  -5.4082599e-01   4.3134120e-01  -4.5327105e-01   1.1453098e+00  -8.8208965e-01   4.9389452e-01   9.0328939e-01  -1.9092875e-01
   2.0000000e+00   1.4929984e+00   5.5157375e-01   2.8333889e+00  -2.0817987e+00   1.1854442e+00  -5.4211233e-01   5.5409103e-01   1.0760906e-01   6.3809472e-01  -1.3373489e+00
   2.0000000e+00   1.1123821e+00   8.0011571e-01  -1.3266204e+00  -1.0828371e+00   1.7336532e-01  -1.2752114e-01  -2.3640226e+00  -6.6255525e-02   1.0030279e+00   2.0550803e-01
   2.0000000e+00  -2.6459559e+00   1.2079244e+00   8.9004323e-01   3.2744040e-01   8.0996764e-01   2.4398758e-01  -8.2640916e-01  -1.9023830e-01   1.0635987e+00  -6.4820969e-01
   1.0000000e+00  -6.5084423e-01  -2.7801930e+00   1.4014417e+00  -8.0791874e-01   5.1682017e-01   5.7182895e-02   5.7409861e-03  -2.0248848e+00  -1.1030542e-01   7.6738568e-01
   2.0000000e+00   3.9045480e-01   1.8624923e+00  -1.2047479e+00   5.4654789e-02  -8.2688716e-01  -8.5532455e-01   2.6793766e+00   1.7179554e-01  -7.2166511e-01   4.6599600e-01
   1.0000000e+00   6.0390704e-02   5.6800028e-02  -1.0442929e+00   5.7241811e-01  -3.6239044e-01  -1.7467628e+00   4.2153155e-01   1.0497060e+00   6.6954363e-01  -5.8190653e-01
   2.0000000e+00   1.3746733e+00  -3.6794792e-01  -1.6725847e+00  -7.1538671e-02   5.7280664e-01   2.3159772e+00  -6.3135709e-01  -3.8921321e-01  -1.7559423e+00  -4.3253461e-01
   1.0000000e+00   8.8777721e-01  -4.3626708e-01  -8.6978409e-01   1.6210858e+00  -1.9999652e-01   3.1212073e-02   3.7634848e-01   1.8233755e+00  -3.6842928e-01   2.5904591e+00
   2.0000000e+00  -9.0028710e-01   6.7189063e-01  -1.1879211e+00   4.5477228e-01   1.1234053e+00  -6.1801426e-01  -7.6632072e-01   1.2996420e+00  -9.7184598e-01   1.9687008e+00
   2.0000000e+00  -1.4912101e-01   2.8194226e-01  -5.3267899e-01   7.0999581e-01   1.5862083e-01   7.2244153e-02  -1.9692771e-01  -2.9906987e-01  -2.0422651e-01  -8.5410653e-01
   2.0000000e+00   1.3610331e+00  -5.9758419e-01  -1.8803029e-01   3.7203561e-01  -9.4027215e-01   1.0042375e+00  -1.2895468e-02   6.6054705e-01   6.1653117e-02   7.7553378e-01
   2.0000000e+00  -9.4559963e-01  -9.5201254e-01   3.2653192e-01  -1.4332416e+00   5.5267686e-01   1.5362863e-01  -1.2481105e+00   2.2153253e-01  -8.3680917e-01   8.9690564e-01
   2.0000000e+00   1.3818228e+00  -1.5801121e+00  -4.8987990e-01   5.6747050e-01   1.1993055e+00   7.6837119e-01   5.0009688e-01  -1.6014792e-01   1.6026966e+00  -2.0424554e+00
   2.0000000e+00   3.6847072e-02  -1.3516402e+00  -2.4548964e+00   1.0696699e+00  -4.3528160e-01   1.1080308e+00  -4.0420046e-03   1.1235668e+00  -1.6490595e-01  -1.8095721e+00
   2.0000000e+00   1.1101561e+00  -3.2121311e-01   8.4908100e-01   9.3257016e-01  -6.8929353e-01   6.8099652e-01   1.1701924e+00   4.7691907e-01  -1.4550746e+00   1.3774086e+00
   2.0000000e+00  -1.5400120e+00  -1.0443410e+00   2.2686509e-01   1.1407651e+00  -3.2454235e-01   9.1300160e-01   1.2205467e+00  -1.0037653e+00  -1.8208836e+00  -9.3614796e-01
   2.0000000e+00  -7.3633597e-01  -7.3734927e-01  -2.6960558e+00  -2.1844520e+00   5.5242293e-01  -3.5205031e-01  -3.8294586e-01   8.1069510e-01  -5.7509613e-01  -3.9903671e-01
   2.0000000e+00   4.2965062e-02   9.8289164e-01   6.4984267e-01   4.2140918e-02   4.3929004e-01  -1.4014608e+00  -3.2444177e-01   6.5431084e-01   1.4640818e+00  -8.2920403e-01
   2.0000000e+00  -1.3569740e+00   3.2742908e-01  -1.1807989e+00  -1.4154668e-01  -2.6454555e+00   2.1165938e-01  -2.5929834e-01   7.3269768e-01  -1.4026886e+00  -3.2844653e-02
   2.0000000e+00   9.6711868e-01   1.7625771e+00   1.3138592e-01   3.1586070e+00   1.5281675e+00  -1.8504433e+00   1.6438430e+00   9.0515573e-01   5.8031071e-01  -1.3546423e-01
   2.0000000e+00  -1.3420347e-01   6.0576889e-01   2.4236990e+00  -4.2946784e-01  -2.0996758e+00  -3.1784567e-01   1.3452477e+00   5.1207105e-01   1.0009037e+00   2.1150386e-01
   2.0000000e+00   1.4103027e+00  -1.5121401e+00  -1.9116662e-01  -2.3131067e-01  -4.9954592e-01   5.4661483e-01  -2.1968547e+00  -1.2904984e+00  -1.9893119e-01  -2.5198545e-01
   2.0000000e+00   2.0219367e-03   4.0037181e-02  -3.2151296e-01   1.2325386e+00   1.9918171e+00  -1.6124060e+00   3.7769398e-01  -1.5330979e+00  -8.8644350e-01  -3.1875221e-01
   2.0000000e+00  -1.2974420e+00   5.7144387e-01  -6.9892545e-01   1.3472702e-01  -1.4697718e-01  -2.0903441e+00   1.1532716e+00   3.4584327e-01  -8.9551068e-02  -5.3899876e-01
   1.0000000e+00  -1.6148240e-01   1.5542244e+00  -1.6346189e-01  -7.7434998e-01  -1.3396746e+00  -4.5964046e-02   8.0739216e-01  -1.3310460e+00  -5.7909502e-02   3.7637555e-01
   1.0000000e+00  -1.2730101e+00   2.7144875e-01   1.2664984e+00  -1.1817940e+00  -1.0516475e+00   1.1937608e+00   5.5799960e-01  -2.3344280e-01  -6.6169039e-01  -1.5524533e+00
   2.0000000e+00  -7.8688612e-02  -5.9795785e-01  -1.1600722e+00   5.1953454e-02   7.2088679e-01   2.2515288e-01  -3.3560403e-01   2.1608615e+00  -6.5892639e-01  -1.2781444e+00
   1.0000000e+00  -3.8363046e-01  -5.6345251e-01   9.5679245e-01   2.2162626e-01   7.7100788e-01  -6.1879986e-01   5.5382737e-01   1.0254162e+00   8.2305712e-02  -2.7485858e-01
   2.0000000e+00  -4.1036476e-01  -1.5221014e+00  -1.4874101e+00  -4.8391601e-01   1.2808969e-01  -2.2457580e-01  -1.1868621e+00  -8.2619124e-01   5.9874524e-01   1.0728508e+00
   1.0000000e+00   6.7591078e-01  -7.6059864e-01   2.6990715e+00  -4.4475471e-01  -5.1137779e-01   1.3812605e+00   1.5409450e-01   2.5560575e-01  -5.5506541e-01   1.7624881e-01
   2.0000000e+00  -1.0844370e+00  -1.2956326e+00  -1.2280774e+00   1.0799700e+00  -4.5309676e-01  -1.1526372e+00  -7.4376943e-01  -5.4643759e-02  -6.1554898e-01   8.3557972e-01
   2.0000000e+00  -7.7743251e-01  -1.0270096e-01  -4.2505704e-01  -7.1260674e-01  -5.1016273e-01   1.8565013e+00  -9.4798216e-01   1.3214143e+00   1.6399137e+00  -9.8390683e-01
   2.0000000e+00  -3.4752901e-02  -7.7782048e-01   7.1781320e-01  -1.1863600e+00   1.4923182e+00  -1.6673565e-01  -3.9528271e-01  -8.8286630e-01   7.4378954e-01   3.2664657e-01
   2.0000000e+00  -1.8720882e+00   1.0781490e+00   1.0691775e+00  -2.2627665e-01  -1.7969847e-01  -1.3889936e+00  -7.0727705e-01  -7.5560554e-01   1.0138747e+00   2.5244070e-01
   2.0000000e+00   6.6274343e-01   9.2070136e-01   6.2039456e-01  -2.1349341e+00  -1.3047286e+00   1.1031727e+00  -5.4069724e-01  -1.0303218e+00   3.5070344e-01   5.9711050e-01
   2.0000000e+00  -1.2834521e+00   4.3695231e-01  -1.7719734e+00   2.0008575e+00  -2.4449423e-01  -8.0425719e-01   4.8846004e-01   2.3963386e-01   9.7684135e-01   1.0598732e-01
   2.0000000e+00  -8.3025238e-01  -1.3406488e+00  -1.3868975e+00  -3.3949127e-01  -1.8915009e-01  -5.0951665e-01  -1.1958634e+00  -4.5974784e-01   1.3089974e+00   1.6697115e+00
   2.0000000e+00   3.7154082e-01  -3.1568944e-01  -3.2982908e-01   1.2397972e+00   2.3457273e+00   4.0102701e-01   2.3227526e-01   1.2180084e+00  -1.0334875e+00  -1.2737997e-01
   2.0000000e+00   1.0152479e+00   7.1170610e-01   9.0095675e-02   9.9938143e-02  -4.9707952e-01   1.4008743e+00  -6.2306031e-01  -1.9240490e+00  -1.4239601e-02  -7.5136688e-01
   2.0000000e+00   7.4652992e-02   9.5707479e-01   1.1780862e-01   1.0272962e-01  -2.7692110e-01  -2.1961383e+00   1.1435379e+00   8.2547092e-01  -7.5094639e-01  -6.7437893e-01
   1.0000000e+00   1.9456343e+00   9.6928741e-01   1.8622846e-01   9.6155685e-01  -8.6092835e-01  -9.7870217e-01   5.1691108e-01   1.6819080e+00  -5.1637700e-01   5.8364761e-01
   2.0000000e+00   5.4153719e-01   2.7470261e-02   1.4260744e+00   3.4571787e-01   5.9292447e-01   1.0587074e+00  -2.5962119e-01   3.3884163e-01  -8.8720343e-02  -5.9894268e-01
   2.0000000e+00  -2.3681918e-01   1.0093373e-01   1.4061412e+00   2.8351141e-02   1.9227592e+00  -1.8006253e+00   2.7081478e-01   3.4999553e-01  -1.5948664e+00   1.8264164e+00
   2.0000000e+00   4.6371203e-01  -9.2028741e-01  -3.9481694e-01  -1.0198165e+00   2.4701669e-01   1.1204249e+00   4.5536805e-01   9.2428757e-01   1.2982410e+00   6.8940261e-01
   2.0000000e+00  -1.5555447e-01  -2.5706559e-01   1.2509000e+00   2.8990670e-01  -3.6489652e-01   2.7640324e+00   1.5345820e+00   6.8514742e-01  -1.2754462e+00  -9.7211847e-01
   2.0000000e+00   1.2362245e+00  -9.8174689e-01  -7.7696930e-01   1.0927986e+00   7.9179426e-01   2.8654509e-01  -2.4246384e-01  -8.8809341e-01   9.7468134e-01   1.1663876e+00
   1.0000000e+00   1.9375329e+00  -3.8491780e-01  -4.3471467e-02  -7.4064379e-01  -4.9507637e-01  -1.0157762e+00   8.0720915e-01   1.5218447e+00   2.7481110e-01  -7.1133099e-02
   2.0000000e+00  -4.6093734e-01  -6.0457803e-01  -8.7481183e-01   2.6563268e-01  -1.3692531e+00  -5.9337339e-01  -1.9719307e+00   1.2102558e+00  -6.2733607e-01   1.1137750e+00
   2.0000000e+00  -7.2579184e-01  -1.0781410e+00   8.4227373e-01   2.3865788e+00   6.6430894e-01   4.8479640e-01   6.0337022e-01   1.8699839e-01  -3.0771656e-01   2.3876945e-01
   1.0000000e+00   6.3666199e-01  -3.7169412e-01   3.0203462e-01   2.6102524e-01  -2.1162549e-01  -1.1712830e-01   3.3225768e-01   6.9935778e-01  -5.4258939e-01  -2.5899951e+00
   1.0000000e+00  -1.4165623e+00   4.5614529e-01   4.8265943e-01  -1.3681597e+00  -4.9470435e-01  -1.0751887e+00   1.0617821e-01  -8.4032048e-02   7.0148332e-01  -3.9350401e-02
   1.0000000e+00   5.8719199e-01   2.0498417e+00  -1.6556941e+00  -3.2155591e-01   6.7670480e-01   2.9528735e-01   4.4514733e-01  -7.1516068e-01   2.0733856e-02  -4.5527666e-01
   2.0000000e+00  -3.0762187e-01  -2.7435557e-01   6.6132618e-01  -4.0358192e-02  -8.0492846e-01   6.7346397e-01  -1.6057560e+00  -9.9775901e-01  -1.3236977e+00  -5.7304386e-01
   1.0000000e+00  -5.5221343e-01   3.1338805e+00   7.9672898e-01   1.6029519e+00  -1.3939437e+00  -1.5972323e+00   1.2817846e-01   3.4054541e-01  -3.2908273e-01   1.0026877e+00
   2.0000000e+00  -2.4261571e+00   1.4782263e+00   1.0473282e-01  -1.2708088e-01   1.4055479e+00  -1.7315947e+00  -5.5217973e-01  -1.7177419e+00  -8.9396377e-01  -5.8871057e-01
   1.0000000e+00   1.8487001e+00   1.2408038e+00  -7.0040439e-01   1.7555251e-01   3.2399031e-01   4.1584663e-01   3.9690462e-01  -7.3183327e-01   5.5328562e-01   2.0001505e+00
   2.0000000e+00  -4.2050723e-01  -2.2414960e-01  -1.9515182e+00   1.7347229e+00   1.0062337e+00   6.0229606e-01  -7.9654061e-01   1.4212459e+00   5.1377503e-01   1.4969665e+00
   1.0000000e+00   6.6017967e-01   9.6559717e-01  -1.0366355e+00   5.5483821e-01  -3.2322851e-01   1.1288948e-01   1.8302721e-02   7.0000790e-01  -8.5914869e-02  -5.7530786e-01
   2.0000000e+00   1.1412185e+00   1.7965634e+00   1.4808335e+00   1.3131578e+00   9.3903620e-01  -6.7842669e-01  -2.2080113e-01   1.2055609e+00   1.0274533e+00   2.4240873e-01
   2.0000000e+00  -2.1217032e+00  -3.9807655e-01   1.7090471e-02   3.5589111e-01   3.8094983e-01   1.8654097e+00   7.4619633e-01   9.1780654e-01   1.1566244e+00  -2.4253085e+00
   2.0000000e+00  -7.4226025e-01  -2.6522401e-01   8.2353586e-01  -1.6833944e+00   1.0409273e+00  -1.2681673e+00   6.7170873e-01   6.1932204e-01   1.0500125e+00   8.5637555e-02
   2.0000000e+00   1.6024153e-01  -6.6764183e-01  -1.4961921e+00   3.1553948e+00  -3.5059198e-01   7.1477019e-01  -1.3676088e-01   1.6483446e-01   1.1902359e+00   1.9066479e-01
   2.0000000e+00   7.5081255e-01   3.4003472e-01   4.2303654e-01   7.9275616e-01   1.8814521e+00  -5.1623786e-02  -2.2411757e-02  -5.0909205e-01  -8.1587857e-01   1.0739450e+00
   2.0000000e+00   3.5837941e-01  -3.6767896e-01   3.0102603e+00  -1.3420313e+00   1.3892950e+00   4.2738375e-01  -2.3135523e-01   7.9708999e-01  -2.1029793e+00  -1.1794297e+00
   2.0000000e+00   1.3556209e+00   7.9017834e-02  -1.2403089e+00  -4.5224968e-01   4.4540033e-01  -1.8715521e+00   8.1105825e-01  -3.0694978e-01   1.0501993e+00  -7.5879937e-01
   2.0000000e+00  -8.3204504e-01   2.9873018e+00  -9.7462104e-01   2.7734255e+00   2.0744152e+00   1.9496275e+00   6.0480868e-01   1.6465769e+00  -1.1516814e+00  -6.7706355e-01
   2.0000000e+00   1.6542236e-01   1.2065799e-01   1.4217770e+00  -5.7109510e-03   1.4363368e-01   8.4421962e-01  -1.8732135e-03  -1.9399695e+00   4.7981639e-01   7.1966516e-01
   2.0000000e+00   5.0357340e-01   1.9157034e+00   1.0314629e+00   9.2228433e-01   1.8591832e+00   1.1006376e+00  -2.5537703e-02  -5.7166275e-01   4.1507771e-01   5.9454655e-01
   2.0000000e+00  -8.6377249e-01   1.5089203e+00   1.0639211e+00  -2.6561806e-01   2.6577788e+00  -6.2213331e-01   6.7351494e-01   2.1145146e-01  -7.4119111e-01  -2.4706736e-01
   2.0000000e+00  -5.2214279e-01   6.2614493e-01  -3.7054158e-01   6.3649975e-01   1.1330372e+00  -1.8044600e+00  -2.5343140e+00  -3.5078793e-01   1.3431885e+00   4.3420768e-01
   2.0000000e+00  -1.1168146e+00   4.4094772e-01   7.2909457e-01   1.1429391e-01  -2.0498634e+00   3.2240194e-01  -1.6977903e+00   5.5724357e-01  -2.1336211e-01   6.8276835e-01
   2.0000000e+00  -7.9670063e-01   1.0554958e-01  -2.3702977e+00  -7.6759778e-01   5.3332928e-01   1.3416843e+00   1.1761618e+00   3.5375344e-01  -5.9199843e-01  -1.5187347e-01
   1.0000000e+00  -4.8179226e-01   1.3490931e+00   9.2106987e-01  -7.5488360e-01  -2.2290407e-01   1.2734372e+00   5.8771398e-01  -1.0836679e+00  -5.7822416e-01   2.8688372e-01
   2.0000000e+00   1.1608673e+00   1.6135565e-01  -2.3618205e+00   2.1324055e-01  -1.0864110e+00  -5.8338923e-01  -5.5074371e-01  -1.8293511e+00  -3.8416366e-01  -1.2506975e+00
   2.0000000e+00   9.1374091e-01  -4.4686253e-01  -3.1046124e-02   5.9027945e-01   8.1553253e-02   1.8461922e+00   1.4240549e+00  -2.0189277e-01  -6.1192341e-01  -2.6154640e-01
   2.0000000e+00  -5.1294691e-01   2.6469699e-01   6.8796180e-01  -2.2806286e-01   7.6410463e-01   1.4806760e+00  -1.7588526e-01   7.7723161e-01   3.6727387e-01  -1.2029051e+00
   2.0000000e+00   1.8321716e-02   1.4103103e+00  -1.5906001e-01  -4.7134415e-01  -1.2599027e+00   1.6397344e-01   1.0904628e+00   6.4134828e-01   7.5705330e-01   2.0105992e+00
   2.0000000e+00  -3.0126079e-01   2.5977219e-01  -5.8813424e-02  -8.9797762e-01   1.1844234e-01   1.5813659e+00   2.0574480e+00  -1.6665580e+00   5.8027819e-01   1.7194683e+00
   2.0000000e+00  -1.5131719e+00   5.7551964e-01  -4.3197354e-02  -7.5822405e-01  -5.0624988e-01   3.1845072e-01   1.4680368e+00  -1.4920402e+00  -1.0031712e+00   2.0741857e+00
   2.0000000e+00   1.6093561e-01   1.3499624e+00  -4.7908733e-01  -3.1939467e-01   1.3552011e+00   8.8997848e-01  -5.8593077e-01  -7.5152242e-01  -1.2668019e-01   1.0232754e+00
   2.0000000e+00   1.4132231e+00   3.7877470e-02  -1.3206264e+00  -1.7335155e+00  -5.9507568e-01  -2.9255254e-01  -7.6294213e-01   6.5903506e-01  -8.9897953e-01   7.2583022e-01
   2.0000000e+00   5.1284659e-01  -8.8451512e-01  -2.0465484e+00  -3.9746388e-01   1.8426073e+00  -6.1228270e-01   7.0182023e-01  -1.0353356e+00  -5.8814677e-01   1.4185901e+00
   1.0000000e+00  -1.2904082e+00  -1.2752691e+00  -7.6687090e-01   3.1965237e-02   1.3145659e+00   1.9479092e-02   5.2738892e-02   3.8292498e-01  -3.2717852e-01  -1.7110192e-01
   2.0000000e+00  -8.4710618e-01  -2.5962828e-02   1.6091897e+00  -2.0408951e+00   5.8538405e-01  -3.1179975e-01  -6.8347081e-01   6.4127995e-01   1.8280832e+00   1.2553963e+00
   2.0000000e+00  -2.3516367e+00   5.6678446e-01   1.1094214e-01   4.2772457e-01   1.0567951e+00   1.1358055e+00  -9.4867011e-01   1.8888329e-01   1.7273197e-01  -2.6167451e+00
   2.0000000e+00  -2.9314651e-01   6.0167064e-01  -1.0655122e+00   3.5107888e-01  -8.0807310e-01  -4.9407380e-01  -8.6541067e-01   6.1240441e-01  -1.1736472e+00  -1.3004472e+00
   2.0000000e+00  -1.0684870e-01  -2.2248588e-01  -1.1068963e+00  -5.4372005e-01  -9.9459152e-01  -7.6014026e-01   3.7053219e+00  -1.1449010e+00  -3.9856194e-01  -1.3644695e-01
   2.0000000e+00   7.7354226e-01  -9.6418058e-01   3.4961840e-01  -5.0390335e-01   1.0068634e+00   4.8706591e-01   1.4070080e+00  -1.4493446e+00  -1.2115260e+00   1.2875445e+00
   2.0000000e+00   1.5474022e+00  -1.9541094e-01  -2.0465375e+00  -1.1269718e+00  -2.5418046e-01   4.7611180e-01  -2.9315070e-01  -3.3432675e-01   1.1390313e-01   6.9413611e-01
   2.0000000e+00   1.4341948e+00   1.2725898e+00   9.1344828e-02  -5.0572604e-01  -5.3748374e-01  -1.4052668e+00   1.1084655e+00  -6.1076165e-01  -4.3456178e-01  -2.0762717e-02
   2.0000000e+00   4.5339821e-01   2.3085230e-01   1.3801318e+00  -2.5515626e-01  -2.9758087e-01  -1.3361239e+00   1.0912752e+00   2.4905395e-01  -2.7587606e-01   7.9629765e-01
   2.0000000e+00  -8.1005037e-01  -2.9637871e-01   1.6313976e+00   2.8903665e-01  -8.2433046e-01   4.5198495e-01  -1.3222713e+00  -7.2386681e-01  -3.7690566e-01   1.3850252e+00
   2.0000000e+00   6.7198212e-02   1.5892378e+00   4.4972255e-01   2.4427902e-01   1.1173470e+00  -3.2347192e-01   1.1681963e+00   4.8091745e-01  -6.2505853e-01   1.6410659e-01
   2.0000000e+00   8.0285428e-01  -9.7724844e-01   6.9785623e-01   1.4625571e-01   6.9668220e-02  -2.9438694e-01   4.8648082e-01   3.9415135e-01   2.0699848e+00   8.0259332e-01
   2.0000000e+00  -8.9796806e-01  -4.0964757e-01   6.2218749e-01  -8.6770993e-01  -5.3477369e-01   1.1435969e+00  -3.0220463e-02   2.0062634e+00  -2.2264526e-01   1.4938034e-01
   1.0000000e+00  -3.6962242e-01   3.6834374e-01  -4.0861207e-01  -1.6563532e+00  -2.3053228e-01  -4.8531867e-01   5.6449351e-01   8.1909925e-01  -6.2763757e-02   2.4866751e-01
   2.0000000e+00  -1.1479559e+00   1.0013856e+00   2.0777437e+00   2.8793843e-01  -8.5775217e-01   1.7803102e-01  -6.0941779e-01   1.1983289e-01  -8.4812405e-01   1.5032506e-02
   2.0000000e+00   1.7005145e-01  -8.6304898e-01   1.4313494e+00  -1.1976542e+00  -7.9272758e-02   5.5919055e-01   9.7629113e-01   4.5716356e-02  -1.7538999e+00  -1.3669643e-03
   2.0000000e+00   2.2204492e-01   5.9075390e-02  -8.2998884e-01   1.0902652e+00   2.0840152e-01  -1.8381389e+00  -2.2580922e+00  -9.8437333e-01   2.6583007e-01  -8.5449946e-01
   2.0000000e+00   3.2633824e-01   1.6698849e+00   3.6427278e-01   9.7037407e-01  -1.0332270e-01   1.1697730e-01  -1.1832682e+00  -3.0089073e-01  -4.6358267e-01   2.7268742e-02
   2.0000000e+00  -2.9586804e-01   9.7724661e-01   1.5023525e+00  -6.8221877e-01  -9.9257199e-01  -1.5456803e-01   1.0838962e+00   6.8149108e-01   8.8436415e-02   6.2545526e-01
   1.0000000e+00   5.9360781e-01  -5.2479100e-01  -2.3784073e+00  -1.4789651e+00  -3.5323784e-02   1.3198642e+00   1.6892405e-01  -5.3197720e-01   2.8163628e-01  -4.8618551e-01
   2.0000000e+00   5.3341284e-01  -8.0521046e-01   1.1230002e+00  -3.9371501e-01   3.0056630e-01  -1.0267381e-01   4.8743881e-01   1.8771788e-01  -7.6197758e-01  -1.3450388e-01
   2.0000000e+00  -1.0224961e-01   2.0712620e-01   2.3188281e-02   1.1529894e+00   1.9559970e-01   1.7231404e+00  -5.7151270e-01   5.2928353e-01  -1.7040507e+00  -7.9123833e-01
   2.0000000e+00  -1.3479764e+00  -3.6803921e-01  -6.5500484e-01   2.0033038e+00   2.4744284e-01  -7.0223451e-01   4.2180372e-03   3.3056332e-01  -4.0208652e-01  -1.2152633e-01
   1.0000000e+00  -1.0506725e+00   9.1496092e-01   1.0033245e+00  -7.0326854e-01  -1.0342069e+00  -1.1519336e-01   2.1272515e-01   8.6414785e-01   2.1209902e-01  -2.6824483e-01
   2.0000000e+00   1.9037009e+00  -2.8211016e-01  -2.6233141e+00  -1.5298034e-01  -2.9260956e-01   3.3905126e-01   1.6357382e+00   4.7435291e-01   1.9099895e-01   2.0050385e+00
   2.0000000e+00  -1.7564992e+00  -1.5289071e+00  -1.4222386e+00   2.2929243e-01   2.7565561e-01   8.4106127e-01  -3.1406430e-02  -7.6024826e-01   1.1544444e+00  -1.5295012e+00
   2.0000000e+00  -1.2621955e+00   4.3656404e-01   3.7379110e-02   7.6186755e-01   4.4037399e-01  -1.9170453e+00  -4.8668515e-01  -9.1657063e-01   3.5071135e-01  -2.0771606e-01
   2.0000000e+00  -1.0525395e+00  -1.2417383e-01   5.8316288e-02  -6.1787991e-02  -1.8364541e+00  -2.9277492e-01   1.0066698e+00   3.1721548e-01  -1.8707341e+00  -8.4286439e-01
   2.0000000e+00   1.0039699e+00   3.9674043e-01  -5.9759534e-01   5.9404683e-01   4.3133158e-01  -3.7804904e-01  -8.8205288e-01   1.1616875e+00   5.9240836e-01  -2.2667032e-01
   2.0000000e+00   2.7610241e-01  -5.7976975e-02  -2.7064401e-02   1.5888455e+00   5.8724807e-01   1.0331596e+00   1.5223601e+00   3.2977757e-01   3.9661134e-01   7.0551571e-01
   2.0000000e+00  -1.5956976e-01  -5.3548907e-01   3.8170699e-01  -1.8647164e+00   7.1418211e-01  -6.2924739e-01  -1.5887887e+00   6.4204509e-01   1.2176979e+00   1.9438219e+00
   2.0000000e+00  -8.9900060e-01   5.7734135e-02   3.3634006e-01   1.3683359e+00  -3.1771776e-01   4.4540457e-01  -1.7882885e+00   1.5875229e+00   2.1585839e+00  -4.8842561e-02
   2.0000000e+00  -1.3852908e+00  -1.1014424e+00  -1.3245651e+00  -1.3844792e+00   4.5173010e-01   1.0107760e+00  -1.6229847e-01   4.1297721e-01   3.4030877e-02  -3.5929580e-01
   2.0000000e+00   1.2236160e+00   1.1392761e-02  -2.4925274e-01  -8.8973302e-01  -1.7045238e-01   3.8799892e-01   1.8617711e+00  -9.3971020e-01  -2.3430121e-01   1.5301556e-01
   2.0000000e+00  -7.7841748e-01  -1.8903697e-01  -1.0925124e+00   4.0838529e-01  -1.6398670e-01   1.1404706e+00  -5.0019722e-01  -1.1572845e+00  -9.4619129e-01  -1.1137377e+00
   2.0000000e+00  -2.0550129e+00   8.1163558e-02   7.0024626e-01   8.6660994e-01  -2.4243467e+00   9.7367648e-01  -3.2277117e-01  -1.7906401e+00  -6.9305333e-01  -1.9824099e-01
   2.0000000e+00   1.0108668e-01  -3.9167812e-01   1.6199596e+00  -2.1265123e+00  -3.3340653e-01   8.5037832e-01   2.3866034e-01   1.0271756e+00  -8.3090755e-01   1.2452438e+00
   2.0000000e+00  -1.0414424e+00  -2.6812469e-01   5.9463414e-01   1.8896809e+00  -6.7713277e-02  -1.4566714e+00  -3.2814141e-01   5.4092842e-01   5.1993946e-01  -1.7440199e-01
   2.0000000e+00   5.0361516e-01   7.1630009e-01  -1.3511573e+00  -6.6686578e-01  -1.5333988e-01   1.0394461e+00  -1.6770270e+00  -1.2953126e+00  -1.1620434e+00   7.6775052e-01
   2.0000000e+00  -3.2367719e-01   6.9424924e-01   1.5130171e+00   1.9444326e-01   6.3874947e-01  -1.2700329e-01  -9.3778215e-01  -1.9718916e-01  -1.4560340e+00  -7.6423214e-02
   2.0000000e+00  -1.4736956e+00   1.4104806e+00   5.1516133e-01  -8.7436726e-01   1.5776405e+00  -8.3944648e-01   1.2880722e+00   1.2546384e+00  -4.9906056e-01  -7.1677006e-01
   2.0000000e+00  -7.2942950e-01   1.3464190e+00   1.2322072e+00  -5.9038561e-01   2.1792400e-01   2.4799509e-01   5.5219424e-01  -2.8867179e-01   1.6319651e+00   9.1711553e-01
   2.0000000e+00   1.3339498e+00  -1.4108266e+00   4.2716458e-01  -1.3474924e+00   5.6198803e-01   2.4019955e-01   9.0233177e-01  -1.6670950e+00   4.7214907e-01  -1.8396985e+00
   2.0000000e+00  -2.9415159e-01  -1.0907496e+00   1.9968058e+00  -2.5348807e-01   2.7254403e+00  -1.3123722e-01  -5.2457628e-01   1.2830281e+00  -1.3672235e-01  -4.3317672e-01
   2.0000000e+00   1.1514256e+00  -9.6255731e-01  -2.4078675e+00  -4.4704178e-01   1.0745779e+00   8.2581620e-01   6.5097524e-01   1.0146052e+00   1.6952191e+00  -6.7859470e-02
   2.0000000e+00  -3.8060232e-02  -5.3095181e-01  -1.2025478e+00  -6.3606856e-01   2.1359027e-01  -1.0025899e+00   9.6175165e-01   8.6345870e-01  -1.6016326e+00   8.4437550e-01
   2.0000000e+00  -3.2027977e-01   1.2236911e+00  -2.9405331e-01  -2.1117018e+00   8.3476834e-01   1.7248732e-03   5.0994677e-01   4.8161754e-01  -1.3879450e-01  -4.1902850e-01
   2.0000000e+00   1.5892297e+00   6.4039882e-01   4.6969676e-01  -7.4936994e-02   2.8849898e+00   6.4990023e-01   8.3194612e-01   3.3045465e-01  -4.1581743e-01   2.5344884e-01
   2.0000000e+00  -1.3962221e+00  -1.8523307e-01  -4.4322581e-01  -2.0537237e+00   7.2993601e-01  -6.0139392e-01   1.8771207e+00  -1.3323956e+00   2.4221837e-01  -1.2233774e+00
   1.0000000e+00   3.6007035e-01   1.6120090e+00   1.0060016e-01   3.6756696e-01  -1.0065327e+00  -1.7618380e+00   5.2838968e-02   1.3987963e+00   6.8829104e-01  -1.8389576e+00
   2.0000000e+00  -1.1935943e+00  -2.0052568e+00   8.2842505e-01  -4.3965623e-01   5.0868095e-01  -9.1457340e-01  -9.2712261e-01   8.4254640e-01   2.1582146e+00   1.8615478e-01
   2.0000000e+00   4.1752605e-01  -7.0941426e-01  -3.0328198e-01   9.6639741e-01  -7.3637083e-01  -5.3252960e-01  -7.7742792e-02   3.3080236e-01   2.5166632e-01  -1.3154508e+00
   1.0000000e+00   6.2606989e-01  -1.3690521e+00   1.4601488e+00   5.9892436e-01   1.2148316e+00   1.4209797e+00   2.0817369e-01  -3.1585697e-01   7.5358808e-01  -1.3749183e+00
   2.0000000e+00  -5.3538123e-01   1.6399715e-01  -3.8143799e-02  -7.2871027e-01   1.2716249e+00   5.2322633e-01   1.3972589e+00   7.8626023e-01   2.3318937e-01  -1.5054655e+00
   2.0000000e+00   1.7794315e+00  -6.2284560e-01  -1.6872157e-01   1.4619600e+00  -1.0757187e+00   1.0605277e+00  -4.8207737e-01   3.1282310e-01  -8.6901644e-01  -1.8107194e+00
   2.0000000e+00  -3.1443920e-01   6.0620096e-01   1.2020897e+00   3.4161617e-01  -1.7759536e-01   1.6311111e+00  -8.8235149e-01  -1.0513406e+00  -4.4773235e-01  -9.2941321e-02
   2.0000000e+00  -1.3084154e+00  -5.4829774e-01   8.7898355e-01   1.6147072e+00   3.1906059e-02   1.0948606e+00  -9.5478609e-01   6.6775055e-01  -1.1784403e-01  -3.2781174e-01
   2.0000000e+00  -6.4363948e-01  -5.2245323e-01  -9.3101274e-02   8.9654378e-01  -9.9352778e-01  -2.4838900e-01  -3.8612474e-01  -3.3283923e-01  -2.8691653e-01  -5.6898547e-01
   2.0000000e+00   4.9254207e-01   1.5491040e+00   8.6993409e-01  -2.4781599e-01   6.7268935e-01  -2.8803805e-01  -6.6194567e-01  -6.9035087e-01   5.3065404e-01   9.1580369e-01
   2.0000000e+00  -4.1862813e-01   5.2140903e-01  -1.1139433e-01   7.3853006e-01   1.2221582e-01  -2.1780314e+00  -6.2433635e-01   5.4911408e-02  -9.2077730e-01   2.2215704e-01
   2.0000000e+00   1.1153423e+00  -7.2055031e-02   1.2766687e+00   1.0612488e+00   6.2357279e-01  -2.0284362e+00  -2.2538079e+00  -1.4607834e+00  -3.1774253e-01   1.7741769e+00
   1.0000000e+00  -1.6959052e+00   3.5570974e-01   1.6018092e+00  -6.3145274e-01   1.5180052e+00   1.4769729e-01   3.8621922e-01   1.5328615e-01  -7.6816812e-01  -8.8552459e-02
   1.0000000e+00   6.2103459e-01  -7.8180287e-01   6.4722006e-01   1.8248013e+00   1.7921729e+00  -5.6127248e-03   1.8292047e-01  -1.2651129e+00   7.6204405e-01  -3.8337678e-01
   1.0000000e+00   4.9125904e-01   2.0021803e-01  -4.2987205e-01  -2.2654142e-01  -8.6319562e-01   7.3856965e-01   3.8879412e-01  -1.4109721e+00   3.4067247e-01  -1.1664473e-01
   2.0000000e+00  -1.3036289e+00  -1.1258924e+00   1.9453802e+00  -9.1837524e-01  -9.3347620e-01   1.7700777e+00   1.4520778e+00  -1.4575890e+00   1.4540294e+00  -2.0838485e-01
   2.0000000e+00  -8.0202546e-01   3.3586376e-01   3.7434882e-01  -1.6650753e+00  -1.6409450e+00   1.9222165e-01  -9.9316910e-01  -6.4987103e-01   7.2242740e-01   8.5296874e-01
   2.0000000e+00  -7.4487649e-01   5.5061375e-01  -5.1211712e-01   7.8582547e-01   5.5085341e-01   6.3241909e-01  -3.0969928e-01   3.2874454e-01  -1.7927740e+00   3.2842143e-01
   2.0000000e+00  -7.8623438e-01   2.2667450e+00   7.6505281e-01  -2.1333842e-01   6.9208538e-01   1.6470610e+00  -1.9869051e+00   1.3751125e+00   1.2790981e-01  -4.7761582e-01
   2.0000000e+00  -1.0043852e+00   9.0074347e-01  -1.0612788e+00   1.0487475e+00  -9.2207925e-02   3.6894267e-01  -3.7212445e-01  -3.8352367e-01  -1.1943661e+00  -1.1262799e+00
   2.0000000e+00   5.1341590e-01   5.8728151e-03   8.5249708e-01   1.2150952e+00  -9.4347177e-01  -2.2149451e-01  -1.4557752e+00  -5.0259922e-01   9.2075787e-01  -3.7704554e-01
   2.0000000e+00   8.2511195e-02   7.9078782e-01   9.7099719e-03  -1.4913426e+00   2.2879070e+00   9.4179378e-01   5.5470824e-01   9.3386543e-01   2.0129708e+00   1.4165759e+00
   2.0000000e+00  -4.7921776e-01   1.8404188e-02  -7.5953160e-01   1.4120805e+00  -9.4226903e-01   1.0283976e+00   2.4690610e+00   1.8029889e+00  -2.7293070e+00  -1.0315662e+00
   2.0000000e+00   1.3175222e+00   1.0161335e+00  -9.2840335e-01   5.4392616e-01  -2.2350857e-01   2.0458488e-01   4.6002652e-01  -7.0677511e-01  -1.3917455e+00   1.4485728e-01
   2.0000000e+00  -6.4264807e-01  -9.4218792e-01  -2.4751325e-01  -7.9387127e-01  -3.0194005e-01   3.6296369e-01  -1.6825118e+00   1.0639266e+00  -1.1467956e+00   6.7664037e-01
   2.0000000e+00  -9.5415690e-01  -6.2543954e-01   1.0827707e+00  -5.3970780e-01   3.4394430e-01  -1.0005817e+00  -1.2054343e-01   1.1761877e+00   1.3015778e+00   4.4218505e-01
   1.0000000e+00  -1.5461248e-01   3.3443526e-01   1.1420534e+00   1.1122973e-01  -1.9194253e+00   1.4256731e+00   9.7246023e-02   1.2687344e+00   5.9240946e-01  -9.5751299e-01
   2.0000000e+00   1.2460194e+00   1.5584115e+00   6.4249645e-02  -5.3056045e-01  -6.8355332e-01   6.0922044e-01  -1.2695806e+00   1.5791363e+00   4.8601546e-02   2.4594648e-01
   2.0000000e+00   6.6461251e-01  -5.1170978e-01   3.2353783e-01   4.3420032e-01  -1.8381979e+00   4.2242943e-01  -1.2243993e+00   1.6728202e+00  -4.6699085e-01   3.5431179e+00
   1.0000000e+00   1.9326749e+00  -5.2984330e-01  -1.1286521e+00   1.3880173e+00  -1.4943665e+00  -8.6554392e-01   4.5732307e-01   4.4190135e-01  -8.9596412e-02  -1.7290891e+00
   2.0000000e+00  -1.3576286e+00   1.8613477e+00  -8.5961731e-01   1.5301227e+00   1.4916239e+00  -2.9494522e-01  -3.4638728e-02  -1.6687073e-01   1.2180400e-01  -3.6525286e-01
   2.0000000e+00   2.0611704e+00   1.7005699e+00   7.4573458e-01  -6.1876601e-01   1.5791992e+00   7.5288386e-01   1.4064967e+00  -6.7986144e-01   3.6342248e-01   4.2718702e-01
   1.0000000e+00   3.8665823e-01  -1.8010950e+00  -5.1697951e-02   8.0928848e-02  -4.0673337e-01   2.1408337e-01   4.9976973e-01  -2.1020782e-01   3.3372446e-01   4.8586688e-01
   1.0000000e+00   4.3038419e-01   6.9990667e-02   9.2036057e-01   4.9048192e-01  -1.6374115e+00   5.3745876e-01   7.0398900e-01   5.5554821e-01   3.0591511e-01   7.4435226e-01
   2.0000000e+00  -2.4121023e-01  -7.5014206e-01   4.7937992e-02  -1.1279870e+00   1.1013757e+00  -2.2628232e-01  -4.0546555e-01  -9.2852163e-01  -5.6814276e-02  -8.5972192e-01
   2.0000000e+00   5.9874421e-01  -3.3857378e-01  -3.5016093e-01   4.2863754e-01  -5.2153068e-01  -3.1498783e-02  -1.0637797e+00   1.3293451e-01   3.4096524e-01  -3.9613150e-02
   2.0000000e+00   1.7395290e+00  -7.0095052e-02   6.0614928e-01  -2.4263764e+00   4.4861088e-01  -1.2749586e+00  -1.8623661e-01   5.4442953e-01  -9.4451851e-01   5.0802794e-01
   1.0000000e+00  -3.5939864e-01   1.9541683e-01  -1.9428730e+00  -4.6332398e-01   2.9215887e-01   1.2951345e+00   2.3491018e-01   8.6175173e-01  -7.9091538e-01  -1.3120510e+00
   1.0000000e+00  -2.6220750e-01   1.0030685e-01   7.1948861e-01   1.2100977e+00  -1.9235173e-01  -6.3380152e-01   3.6221961e-01  -8.9240505e-01  -1.8691496e-01  -3.0020026e-01
   2.0000000e+00   2.5521199e-01   2.6489398e-01   5.5624764e-01  -7.2550844e-01   6.2590699e-01  -1.4468454e+00  -3.7306308e-01  -2.8614716e-02   1.0238588e-01  -1.7844713e+00
   2.0000000e+00  -1.5151551e-01   4.2663238e-01  -2.5154465e-01   5.3874153e-01   1.3694654e+00  -4.1321329e-01  -2.0415425e+00   7.6237048e-01   2.9042481e-01  -7.6585757e-01
   2.0000000e+00   3.1964047e-01  -9.8450249e-01   2.8254765e-01  -1.8503082e+00  -6.3780474e-01   1.0585343e+00  -1.0804891e+00  -5.1337998e-01   5.1748186e-01  -1.8182184e-02
   1.0000000e+00   1.5919103e-01  -1.6691791e+00  -5.8698687e-01   8.1735524e-01   5.5281783e-01  -1.0274182e+00   3.0495808e-01  -1.1529973e+00  -8.4252878e-01   1.1004469e-01
   2.0000000e+00  -5.4921280e-01  -2.8222329e-01  -8.9924893e-01  -4.7389842e-01  -8.4286727e-01  -1.1946692e+00   1.8542399e+00  -3.7822139e-01  -1.5057201e-01   5.2436976e-01
   2.0000000e+00  -2.2032418e-01  -2.5717039e-01  -4.5308549e-01   3.3429766e-01  -1.0459733e+00  -2.8421610e-01  -9.8647389e-01   1.5491855e+00  -2.8123738e+00  -4.1635938e-01
   2.0000000e+00   2.0685830e-01  -1.2030313e+00   1.5957769e+00   5.6355824e-03   4.7777307e-01  -5.9872513e-01  -5.9300115e-01   8.2711833e-01   2.2043823e+00   5.5496307e-01
   2.0000000e+00  -3.4860132e-01  -1.8157378e+00  -2.7420013e-01   8.0485835e-02  -5.4992371e-01  -2.7330440e+00  -1.4745329e+00  -7.5738125e-01   1.0075181e-01  -8.3253152e-01
   2.0000000e+00   3.4439501e-01   1.9365654e+00  -1.1526347e+00  -9.7596303e-01  -1.2848238e+00   1.3233531e+00   1.1114543e+00   1.7479993e+00   3.8202497e-01   1.5002867e-01
   2.0000000e+00  -2.6458604e+00   8.8041976e-01  -1.3380428e+00   6.9902930e-01   7.5106261e-01  -7.1743331e-01  -8.9535637e-01  -2.2985428e-01  -3.3445792e-02  -7.7961717e-01
   2.0000000e+00   3.5546307e-01  -5.1037352e-01  -5.5944783e-01   6.5698665e-01   3.0002276e-01  -1.1576307e+00  -2.1678046e+00   6.9607841e-02   1.8020653e-01   7.9871661e-01
   2.0000000e+00  -7.1716039e-02   2.0535116e-01   2.6992819e-01   1.4888719e+00  -2.9677702e-01  -7.0507569e-02   9.1395428e-01  -6.8945702e-02   1.1439670e+00   5.4636785e-01
   1.0000000e+00  -1.1538155e-01  -8.2471717e-01  -1.0978755e+00   9.6194961e-01  -1.2397491e+00  -6.7753743e-01   6.2773114e-01   8.3775054e-01  -5.6191253e-01   8.5302718e-01
   2.0000000e+00   6.7268713e-02  -9.8997551e-01  -2.0959569e+00  -1.3828609e+00   7.7130885e-02  -1.0424462e+00  -8.1392784e-01   1.1396308e+00  -1.1504282e+00   5.9930904e-01
   2.0000000e+00  -6.4502861e-01  -3.2286585e-01  -9.4766200e-01   5.4577092e-01   5.5680798e-01   6.7933060e-01  -5.5293478e-01  -1.9227422e+00  -3.0670588e-01  -1.5469184e+00
   2.0000000e+00  -7.0267126e-01   1.3999780e+00  -2.6292355e-01  -2.5996567e-01  -5.9047409e-02   1.0650887e+00   9.1470442e-01  -1.7564437e+00  -1.3970894e+00   1.2884445e+00
   2.0000000e+00   1.6692314e-01   7.8394920e-01  -1.7985175e-01  -1.5218644e-01  -6.5309745e-01  -8.8121049e-01  -9.0411797e-01   1.5777075e-02   2.4462627e+00  -4.9388598e-01
   2.0000000e+00   3.6059842e-01  -9.0592907e-01  -1.2109663e-01  -8.2916094e-01   8.9825999e-01  -3.1769478e-01  -5.9827295e-01   2.0716296e-02   8.2878073e-01   5.0850839e-01
   2.0000000e+00   1.2201715e+00  -1.1760826e+00  -1.6342362e+00   1.4859817e+00  -8.0521173e-01   3.5229350e-03  -1.0276216e-01   1.0854311e+00   1.1716358e+00   1.1985004e+00
   2.0000000e+00   1.3740328e+00   2.0691331e-01  -6.7556754e-01   8.1385922e-01  -6.2448613e-01  -4.4791378e-01  -2.2314527e-01  -4.0352251e-01   8.2605541e-01   1.2581532e-01
   2.0000000e+00   1.4983268e+00   1.1065289e+00   9.8827803e-01  -1.2303276e+00  -8.9874673e-01   6.9097581e-01  -8.6700093e-01   1.1167159e-01   6.0344150e-01   1.3749211e+00
   2.0000000e+00  -7.1665760e-01  -6.4844972e-01  -7.5800343e-01  -1.7055896e+00  -8.9177703e-01  -1.6089891e+00   5.9794371e-01  -6.2585225e-01   1.3408864e+00  -5.3799450e-01
   2.0000000e+00   4.6905893e-01  -1.1720574e-02   1.1949157e+00  -2.3183198e+00   1.5604193e-01  -3.6691145e-01   4.4688871e-01   1.3132103e+00   8.0210249e-01  -1.0253979e+00
   2.0000000e+00  -4.4385492e-01   1.6924168e+00  -3.4854045e-01   9.2373410e-01  -3.1775417e-01  -8.7438894e-01   5.9971841e-01  -1.3630631e+00  -1.4642276e+00   3.9956997e-02
   2.0000000e+00   1.3781403e+00  -1.7561417e-01  -6.4773963e-02   3.7691938e-01  -9.2877677e-01  -1.3876857e+00  -3.8868111e-01  -2.2473482e+00   1.0723775e+00   4.8364790e-01
   2.0000000e+00   1.5530387e-01  -1.5057073e+00  -3.4529881e-01  -1.2972830e-01   1.6002402e+00  -8.0839443e-01  -3.8799350e-01   5.1354705e-01   5.4331311e-01   3.6441368e-01
   2.0000000e+00   6.3024830e-01  -7.8624155e-01  -5.3582684e-01   1.1479525e+00   2.3503573e+00   3.8737309e-02  -6.3772405e-01   6.8415249e-01   1.1300977e+00  -9.4132306e-01
   2.0000000e+00   1.2254151e+00  -4.1064472e-01   5.8986203e-01   1.1409775e+00  -1.6520537e-01   2.8016793e-01   7.7306876e-01   1.5200110e-01  -6.4511375e-01   2.0844061e+00
   2.0000000e+00   4.6060039e-01   9.7364045e-02  -1.4620514e-01  -6.3928476e-01   3.4388751e+00   9.1655226e-01   1.2104678e-02  -1.3841656e-01  -1.1988515e+00   1.2527241e-02
   2.0000000e+00   1.3407435e+00   8.4610304e-01  -8.4306232e-01  -4.2477154e-01  -1.4407576e+00  -5.2653403e-01  -1.6187155e+00  -5.6923873e-01   6.6343454e-02   5.0892410e-01
   2.0000000e+00  -2.0090874e-01  -2.0098976e+00  -1.2498849e+00   1.1211527e+00   8.8026434e-01   3.2495093e-02  -3.4412061e-02  -1.6155254e+00   4.3639224e-01   1.9350182e+00
