   2.0000000e+00   1.9210765e-01  -4.6579029e-01   3.0379118e-01   8.6748684e-01  -4.0336686e-01  -1.5107277e+00  -4.2028938e-01   8.3539538e-01  -1.2834524e+00  -1.6735450e+00
   1.0000000e+00   2.7955596e-01   8.4605529e-01  -9.9906512e-01  -1.3450394e+00   1.0320250e+00   4.5497789e-01  -8.5427615e-01  -2.0482511e+00   4.1812454e-01  -5.1234225e-01
   2.0000000e+00   8.6240408e-01  -2.1997380e+00  -1.0060845e+00   1.5654115e+00  -2.3680656e+00  -1.7783545e-01   6.7421410e-01   1.2776437e+00  -5.6656766e-01   3.8884677e-01
   2.0000000e+00   8.8110853e-01   2.7807678e+00   5.6350095e-01  -2.8755416e-01   6.0469598e-01  -1.9919587e-01   1.6849987e+00  -1.1160292e+00  -1.5264134e+00  -2.1289373e+00
   2.0000000e+00  -1.2057615e-01  -1.9106721e-01  -2.8901829e-01  -1.2774447e-01  -7.9436133e-03   3.4081802e-01  -4.1652134e-02  -2.5358110e-02  -7.7738918e-02  -1.2636969e+00
   2.0000000e+00  -9.5530981e-02  -6.3985180e-01   1.4124698e+00   2.2754559e-01  -2.6412221e-01  -7.9928865e-01   4.5618571e-01  -5.7041400e-01  -8.6055878e-01  -3.7714630e-01
   2.0000000e+00  -1.6918226e+00  -2.4740676e-01   1.3722338e+00   5.0615345e-01  -1.8676045e-01  -3.6411212e-01   2.3454919e+00  -1.7716921e-01  -9.4491646e-01   1.8416128e-01
   2.0000000e+00  -8.3698124e-02   2.1269701e-01   8.5054557e-01  -2.3246097e-01  -9.0061903e-01  -1.1928195e+00   9.9593967e-02   9.2848331e-01   7.4324711e-02   1.3853176e+00
   1.0000000e+00   1.5977775e-01   4.2105907e-01   4.0707014e-01  -5.2818652e-01   4.4063017e-01   2.8211456e-01  -2.2857985e+00  -1.5656557e+00   3.2810562e-01   4.5351235e-01
   1.0000000e+00  -1.4909252e+00  -5.7953810e-01   1.7194357e+00   3.2011362e-01  -6.5040321e-01   7.5993042e-02  -2.7102760e-01   1.1796900e+00   3.3270147e-01  -1.8982319e-01
   2.0000000e+00   1.6601605e+00  -4.6152092e-01   3.7361166e-01   3.8545179e-01   5.1379177e-01   1.7022301e-01   7.5243159e-01   9.9359630e-01  -4.7560179e-01  -1.6470715e+00
   2.0000000e+00  -6.3239662e-02  -8.9154395e-01   1.3189096e+00   1.0404788e+00  -5.8522550e-01   1.1523572e+00  -1.2868974e+00   9.5180313e-01  -1.1210384e+00   3.7832800e-01
   1.0000000e+00   3.6389133e-01  -4.1732741e-01   3.4077635e-01   1.1344999e-01   2.3050777e-01   2.2383486e-01  -6.5690944e-01   1.5286840e+00   2.2292996e+00  -2.8037113e-01
   2.0000000e+00  -4.1790181e-02  -2.0793615e-01  -6.7682529e-01   6.6045040e-01   1.7938916e+00  -4.5758378e-01  -4.3208083e-01  -2.9033477e-01   2.5797043e-01  -1.6567780e+00
   2.0000000e+00  -1.1310070e+00   2.0319067e+00  -1.2050418e-01  -2.5321994e-01   1.4044152e+00   1.3793621e+00   2.6675796e-01  -1.6875815e-01   6.0759764e-01  -2.1505266e+00
   2.0000000e+00   1.0160643e+00   2.1584375e-01   1.1773163e+00  -9.3080736e-01   4.8078432e-01  -1.4820731e-01  -1.3912608e+00   1.6144508e+00  -1.9927641e-01  -7.9117897e-01
   2.0000000e+00   1.1590187e+00   1.6569948e-01  -1.5733301e-01  -1.8935833e-01  -3.6623132e-01  -5.3447775e-01   1.4914629e+00   7.0753060e-01   3.8727868e-01  -2.1349556e+00
   2.0000000e+00  -1.0646136e-01  -1.7076705e+00   4.7333421e-01   5.8281098e-01   2.7270276e+00   1.0762154e-01  -1.6928667e-01  -4.0910032e-01   1.1884049e-01  -1.8735077e+00
   2.0000000e+00   3.8257991e-01   3.5483378e-01  -1.5494717e+00   2.8394006e+00   6.6563320e-01  -7.6402485e-01  -8.2063698e-01  -2.5364658e-01  -8.7561554e-01  -3.9914712e-01
   2.0000000e+00  -9.1586430e-01   2.4197979e-01  -8.7795580e-01   6.1334362e-01  -2.0944893e-01   9.3614502e-02  -1.9298281e+00  -2.1012111e-01  -6.4695636e-01   1.7633247e+00
   2.0000000e+00  -6.6384466e-01  -6.9479552e-01   2.5057248e-01   5.4984509e-01  -5.7568168e-01   8.3190969e-01  -1.5720089e-01  -7.2133826e-03  -5.8237367e-01   5.3725195e-01
   2.0000000e+00  -1.9097765e+00   3.3061286e-01   1.4933062e+00  -7.7505559e-01   1.1308962e+00   1.9925960e+00  -1.6160014e+00   6.0890430e-01   9.9453945e-01   5.9316566e-01
   2.0000000e+00   3.3396299e-02   1.9526885e-01  -1.0968335e+00   6.3024229e-01  -3.7491193e-01   1.4862378e+00   1.1218646e+00   8.7781087e-02   6.8245524e-01   2.7558740e-01
   2.0000000e+00  -3.8477701e-01   7.1882854e-01  -1.8188594e-01  -4.0141793e-01  -1.1037573e+00  -4.8905411e-01  -6.7148043e-01  -4.8878015e-01   3.4696772e-01   4.9836166e-01
   2.0000000e+00   4.4902152e-01  -1.5866393e-01   3.7800942e-01   1.8949828e+00   2.0842303e-01  -2.7984420e-01   1.0253534e-01  -5.8665112e-01   2.4150694e-02  -4.8709031e-01
   2.0000000e+00  -5.5879368e-02   5.2140565e-01   7.7190374e-01  -8.2832383e-01  -2.0576084e+00   2.6134427e-01  -1.0674074e+00  -4.1391151e-01  -1.1678254e+00  -1.0611570e+00
   1.0000000e+00  -2.4305273e-01   1.1015705e+00   8.3882303e-01  -5.0782528e-01  -1.5219857e-01   2.9549449e-01   9.1825851e-02  -5.9176901e-01   8.4855520e-01   1.7736486e-01
   2.0000000e+00   5.0467620e-01   1.8912304e-01   1.1471045e+00  -3.9216488e-01   8.8189423e-01   8.4837891e-01   7.9370831e-01   1.5485772e+00  -3.8171236e-01   1.5623292e+00
   2.0000000e+00   4.6779971e-01  -4.9955197e-01  -2.4125712e-01  -3.0293683e+00   4.0719606e-02  -1.3124265e+00   5.3545097e-01   5.6412065e-01   5.6692621e-01  -2.6722765e+00
   2.0000000e+00   3.5454514e-01   9.4934383e-01  -1.1330080e+00   2.2394092e-01   1.8335318e-01   1.5701345e-01  -4.8474738e-01  -7.4418120e-01   1.1273865e+00  -1.3472870e+00
   2.0000000e+00   3.3642210e-01   1.0939399e-01   1.1861682e+00   1.9619335e-01  -2.6526649e+00   8.3548597e-01  -3.2596193e-01  -6.7295084e-02   1.7150007e+00   1.9320825e+00
   2.0000000e+00  -9.2471380e-02  -1.5590067e-01   5.2916496e-01   1.0467716e+00  -2.9831852e-01  -1.3164218e+00  -2.0839222e+00  -2.6652237e-01   3.8235428e-01  -1.0505692e-01
   2.0000000e+00  -9.3490136e-02   6.9085731e-01   1.4473524e+00  -6.8039152e-01   7.3606163e-01   9.9837869e-01  -1.2234239e+00   1.1842383e+00  -1.0364793e+00   2.8749020e-01
   2.0000000e+00  -1.0435069e+00   8.1753206e-01   5.9323080e-01   1.2874151e+00   5.0666474e-01  -2.2702513e-01  -8.3223720e-01   1.7014689e+00   1.7765581e-01   6.1852326e-01
   2.0000000e+00   3.7217924e-01   1.0588911e-01  -1.9509205e+00   6.5777698e-02  -6.4134100e-01   1.9958379e+00   4.0762209e-01  -1.0984619e+00   2.1167056e-02   1.9548749e+00
   2.0000000e+00  -8.6606596e-01   3.2950502e-01   1.0947697e+00  -7.2511768e-01   2.1127785e+00   1.1396627e+00   1.5425456e+00  -1.7562654e+00  -1.8373902e+00   2.0044537e+00
   1.0000000e+00   1.0687487e+00   7.2913109e-01  -7.7736762e-01   1.0946253e+00   2.8648874e-01   2.7425539e-03  -9.2831838e-01   1.1095179e+00  -9.3947977e-01  -7.6783145e-01
   2.0000000e+00  -9.1749877e-01   1.0361586e+00  -9.9709729e-01  -7.1178569e-01   3.4961864e-01   6.9738306e-01   2.0963184e+00  -1.2274334e+00   6.2395689e-01   2.0784782e+00
   2.0000000e+00   1.4899277e-01   4.4607056e-01   1.3633226e-01  -1.6422197e+00   1.3464307e+00  -1.2468739e+00  -4.8318305e-01  -2.3547019e+00   1.8468926e+00   8.5162399e-01
   2.0000000e+00  -2.5611049e-01  -6.6329533e-02  -6.3164309e-01  -1.2923731e+00  -4.0160449e-02   4.4691583e-01  -1.3620417e-01   1.1829780e+00  -6.7620760e-02   1.6119348e+00
   2.0000000e+00   2.4528665e+00   2.0358339e+00  -4.8179865e-01   2.9138991e-01   1.0088001e+00  -4.0199836e-01  -1.5278570e-01   1.2285952e+00  -2.5783470e-01   1.2977956e+00
   2.0000000e+00   1.1149201e+00  -1.4753946e+00  -1.0817712e+00  -7.2713013e-01   1.3938512e+00   8.5750097e-01  -7.4205950e-01   3.1700628e-02   1.0530165e+00   7.9064659e-01
   1.0000000e+00  -6.1855154e-01  -1.3343807e-01  -1.3848498e+00  -1.5251824e+00  -1.4921142e+00   5.6455207e-01  -3.1192226e-01   1.1555430e-01   7.3366888e-01  -4.2745856e-01
   2.0000000e+00  -1.0570135e+00  -8.6289627e-01  -5.6233325e-01   8.9938905e-01   9.0423274e-01   2.3432269e+00  -2.5675090e+00   1.0920259e+00   1.1262127e+00  -7.4395329e-01
   2.0000000e+00   2.0048941e+00  -1.1630472e+00  -2.1049111e-01  -3.0460551e-01  -1.2356006e-01  -3.9549085e-01  -1.3241188e-01   5.7695648e-01   9.2953868e-01  -1.3108526e+00
   2.0000000e+00  -1.9216840e+00  -1.7302280e+00   1.9752509e+00  -8.6016659e-01   1.9108354e+00  -2.1845425e+00  -3.5280572e-01  -1.0628124e+00   2.6469050e-01  -2.2456620e+00
   1.0000000e+00  -1.6117140e+00   1.4046140e+00   1.3670501e-01  -1.3034568e+00   2.0529697e+00   1.7530827e-01  -9.9339974e-01  -8.8807237e-01   5.9205291e-01  -4.2118526e-01
   2.0000000e+00  -5.1394691e-01  -6.6004946e-01  -6.8732714e-01  -9.7054491e-01  -3.5527106e-01   2.9017793e-01  -5.3340539e-01  -1.5668438e+00   3.0738145e-01   3.0774772e+00
   2.0000000e+00   7.7215438e-02   8.5249215e-01   6.8341719e-01   5.1217522e-02  -2.7886157e+00   8.5320788e-02   1.3618940e-01  -1.2163958e+00  -1.1748683e+00   1.0279809e+00
   2.0000000e+00   1.1683047e+00  -1.2933380e-01  -9.0233534e-03   2.3583605e-02  -1.1981896e+00   8.9322134e-01  -2.7044592e-01   4.1202797e-01  -4.3914401e-01  -2.6524621e-01
   2.0000000e+00   6.8087616e-01   1.6118027e+00  -3.9510850e-01   5.8175187e-02  -1.8245746e-01   8.8058083e-01  -1.7418544e+00   5.2295079e-01  -5.5307536e-01   1.9421454e+00
   2.0000000e+00   5.9996520e-01  -6.0437830e-01   4.9976500e-01   6.1661710e-01   3.2686237e-01   2.8187661e+00  -3.7394934e-01  -4.5124331e-01   5.1520476e-01   7.1339481e-01
   2.0000000e+00   1.6261842e+00  -8.8806193e-01  -8.7960510e-01   1.7806415e+00  -1.0078070e+00   9.5411746e-01   1.2255263e+00  -2.4287893e-01   2.6488098e-01   6.3505826e-02
   2.0000000e+00  -1.9486744e-01   1.2100958e-01   1.8065432e-01   1.0764383e-01   6.1839745e-01   1.4179373e+00  -2.4789773e+00  -1.1014544e-01  -4.5498371e-01  -1.4396355e+00
   2.0000000e+00  -1.6516160e-01  -9.8892018e-01  -9.0956574e-01   3.9133760e-01  -1.3886628e+00   1.8701375e+00  -5.7891871e-01  -5.3073767e-01   1.1775120e+00   1.3846567e+00
   2.0000000e+00   2.3178199e+00   7.0284614e-01  -1.4954500e+00  -3.7146693e-01  -3.6492094e-01   1.7666989e+00   9.6735637e-02   9.1431400e-01   1.1062789e+00   5.2795224e-01
   2.0000000e+00   8.9629765e-01   8.2504449e-01   4.6069941e-01   2.6226885e+00   3.3101011e-01   3.8393473e-01  -9.6013237e-01  -2.6225616e-01  -1.8453616e-01  -1.4251075e+00
   2.0000000e+00   2.7113758e-01   6.0117379e-01   8.8907685e-01   7.6432529e-01   1.4880762e-01   1.0245486e+00   5.9626446e-01   6.1330493e-01   2.1926018e+00   3.5220639e-01
   2.0000000e+00  -1.1685179e+00  -4.7938313e-01  -1.9814914e+00   7.7892839e-01  -1.1155790e+00   2.0854898e+00   2.1910804e-01  -4.6456354e-01  -6.4866161e-01   1.7720736e+00
   2.0000000e+00   1.0622946e-01   1.3668101e+00  -1.5333865e-01  -3.0846566e-01  -1.7735872e-01   2.1890480e-01  -1.3886909e+00   5.8221537e-01   5.1483550e-01  -1.1970931e+00
   2.0000000e+00   1.2386225e+00   7.6148495e-01   5.4378643e-01   6.9153179e-02   1.1654737e+00   1.2682474e+00  -4.6243843e-01  -1.1762437e+00   1.3082228e+00   6.4186118e-01
   1.0000000e+00  -4.8245648e-01  -4.1919293e-01  -2.1685271e-02   3.2617867e-01   1.5343914e-01   4.9604261e-02  -9.0617456e-01  -5.8922782e-01   8.7147038e-01  -1.5443090e-01
   2.0000000e+00   1.5502936e-01   1.4371120e-01   1.1108363e+00  -6.8644664e-01   2.5959404e-01  -1.6940498e-01  -1.7324007e+00   1.1092138e+00   1.4805925e-01   1.7200745e+00
   2.0000000e+00   1.2411497e+00  -7.2108121e-01   7.0250560e-01  -1.9541333e-01  -6.1287303e-01  -9.7412660e-01  -1.1460138e-01  -1.1666190e+00   6.5248244e-01  -1.7587611e+00
   1.0000000e+00   1.0124776e+00  -1.3414310e+00   7.3341023e-01   1.5868371e+00  -2.6770278e+00   4.3911349e-01  -2.3897553e-01  -1.0550331e+00   8.1412410e-01   3.2534944e-01
   2.0000000e+00  -1.6970124e+00   1.4016422e+00   7.9539596e-01   1.3741921e+00  -2.6541497e-01  -1.6609043e+00   1.7074324e+00   3.1657020e-01   1.2515921e+00  -5.4875441e-01
   2.0000000e+00   8.2561324e-01   1.2373024e-01  -2.4841339e+00  -6.7481690e-01   1.1552402e+00   3.6318441e-01   4.3258129e-01   2.1598592e+00   9.6568501e-01   1.8371581e+00
   2.0000000e+00  -3.5544797e-01   4.1711253e-01   1.7693159e-01   1.4421012e-01  -1.2926604e+00   1.4923364e+00   1.3972047e+00  -6.3003420e-01   9.7970170e-01   1.7085482e+00
   2.0000000e+00   7.6785334e-01   2.2441460e-01   1.5872808e+00   1.3606162e+00   3.5204019e-01   1.3508218e+00  -1.0284154e-01   2.9539829e+00   5.5438990e-01  -6.5070058e-01
   2.0000000e+00  -1.0055684e+00  -6.3052679e-01   2.1355893e-02   2.2817031e+00  -4.0957711e-01   2.7866553e-01  -2.0943795e+00  -6.6661049e-01  -7.4843783e-01  -1.1384448e+00
   2.0000000e+00   5.8729983e-01   1.3827743e+00   1.8895890e-01   2.4939052e-01   2.7509829e+00   7.5730650e-01  -1.2442143e+00   7.2847413e-01  -1.8271370e-01   7.7640050e-01
   2.0000000e+00  -1.5535596e-01  -4.0756935e-01   2.7273604e-01  -9.2807057e-01  -1.8623890e+00  -1.3818119e+00   1.2232221e+00  -1.7830559e+00  -4.8671115e-01   2.4340560e-01
   2.0000000e+00  -6.6255687e-01  -3.9014337e-01  -9.9533521e-02  -2.2113820e-01   4.3111279e-01   1.3092395e+00  -1.8078309e-01  -1.7939296e-01   7.5753525e-01  -1.3066194e+00
   2.0000000e+00   1.0060224e+00   1.3501851e+00   8.5310268e-01   2.1542657e+00  -1.0681958e+00  -4.5206232e-01  -1.9397738e-02  -9.7186095e-01   9.0401897e-01   1.2856931e+00
   2.0000000e+00   5.1480194e-01  -5.7541847e-01  -7.9722681e-01  -4.9618225e-01   1.8264455e-01  -9.9601536e-01   8.1185858e-02  -1.2271856e+00   1.4427234e+00   1.9626303e-01
   2.0000000e+00   1.9188589e+00   4.9784307e-01   1.4807779e-01  -7.2192331e-01   2.0055026e-01   6.3144138e-01  -1.6900964e+00  -5.7672840e-01  -6.1904959e-01  -8.2651263e-01
   2.0000000e+00   9.1715815e-01   2.2326439e-01   7.3151819e-01   2.0593882e-01   1.0989992e+00  -1.2987823e-01   4.5479611e-01   1.0739362e+00   1.0437650e+00   9.3438386e-01
   2.0000000e+00  -1.4400944e+00   5.0013726e-01  -1.1047218e-01   1.5119212e+00   5.2004555e-01  -1.0666189e+00   2.6922572e-01  -3.1360935e-02   4.7859045e-01  -1.1112047e+00
   1.0000000e+00   1.8586766e+00   2.5842615e-01  -9.4985292e-01   9.3317905e-01   1.4183907e+00   6.0964612e-02   9.1113078e-01  -5.0350217e-01  -4.2595005e-01   2.9663257e-02
   2.0000000e+00   7.3536018e-01   8.3012751e-01  -5.5098951e-01   6.6169310e-01  -1.3990508e+00   2.1883095e-01   5.2945711e-01  -2.6043407e-01   1.2665775e-01  -2.7804957e+00
   2.0000000e+00   1.6741152e-01   3.3995578e-01   1.0784114e-01  -3.8500599e-01  -3.9982010e-01   4.5971282e-02  -3.6293930e-01  -8.0624628e-01   1.2013549e+00   1.4445839e+00
   1.0000000e+00   7.6814810e-02  -1.3381733e+00  -8.3820834e-01  -1.6256176e-01   2.6718422e-01   1.3948414e-01   3.5926791e-01   5.6200539e-01  -1.2760849e-01  -1.9999393e-02
   1.0000000e+00  -1.5032505e-01   5.7179411e-01  -2.7169584e+00   4.1170624e-01  -1.5433380e+00   6.2555720e-02   7.7247634e-01   4.2286621e-01  -6.6330008e-01   6.3027414e-01
   1.0000000e+00  -3.8727042e-01   4.0152453e-01   6.4242000e-01   2.3314940e-01   1.4404846e-01   2.5695137e-01   5.8479485e-01   3.1570493e-01  -4.7525743e-02   8.0188631e-01
   2.0000000e+00  -2.5291525e-01  -2.8119153e-01  -6.9804124e-01   1.0812202e+00  -2.6073928e-01   4.8389046e-01   8.8302302e-01  -1.0997488e+00  -6.2129866e-02   1.8396524e+00
   1.0000000e+00   1.4648204e-02  -1.4010873e+00   2.5522013e-01   7.6964961e-01  -7.1411371e-01   2.5724391e-01   1.7282148e+00   7.1952425e-01  -1.4143912e-01   3.0119466e-01
   2.0000000e+00   9.1839499e-01  -1.7372067e+00   7.6749646e-01  -1.3955007e+00  -1.8125836e+00  -1.4736436e+00   2.8136761e-01   3.6387476e-01  -1.2487896e+00   1.0441277e+00
   2.0000000e+00   9.7737333e-01  -5.0285704e-04   2.4848489e-01   6.5330212e-01   4.7516130e-01  -8.5469788e-01   1.0044105e+00  -4.8404260e-01   4.8744992e-02   6.3836043e-01
   2.0000000e+00   1.1621282e-01   1.3729201e-01   3.2348355e-01  -1.7626191e-01   3.1238168e-01   1.1598008e+00  -1.8565178e-01   5.1104902e-01  -5.7474562e-01   1.7385311e+00
   2.0000000e+00   6.3725357e-01  -1.7425458e+00  -2.6610065e-01   1.7300298e+00   2.5259485e-03  -3.6423400e-01  -5.0700458e-01   8.1434498e-01   2.8482229e-01   6.3302124e-01
   2.0000000e+00  -6.5389738e-02  -9.5884510e-02  -7.3484267e-01  -3.1711744e-01  -1.3814076e+00   7.0115301e-01  -4.1769604e-01   1.2256126e+00   6.5929078e-01   8.8524843e-01
   2.0000000e+00  -1.1467219e+00  -8.4519691e-01   6.7354578e-01  -2.4234561e-01  -1.1053271e+00  -6.2485953e-01  -1.3533384e+00   1.0051730e+00  -1.3416374e-01  -9.1977827e-01
   2.0000000e+00  -3.8960552e-01  -3.4654140e-01  -4.1929154e-01   1.1627590e+00  -7.5712217e-01   6.2476624e-01  -5.6388701e-01   2.9325316e-01  -7.8964237e-01  -9.7005577e-01
   1.0000000e+00  -9.9236291e-01   9.4677947e-01  -1.6473826e+00   3.8954515e-01  -8.7689707e-01   2.1453783e-02   1.3808838e+00   6.9155618e-01  -5.4890258e-02  -7.0769556e-02
   2.0000000e+00   2.6133407e+00  -1.1622474e+00  -5.6815111e-01  -1.7457222e+00  -1.2442565e+00   3.7973891e-01  -1.9496300e-01   1.1667058e+00  -8.1132609e-01   1.0233499e+00
   2.0000000e+00  -1.0314334e+00   2.5100992e-01  -1.2576950e-01   1.7347358e+00  -6.0563820e-01  -5.4911386e-01  -6.2400363e-01  -1.2744323e+00   2.1878886e-01  -8.9967311e-01
   2.0000000e+00  -3.3092927e-01   7.2082435e-01  -4.8998691e-01  -5.4923428e-02   8.1226120e-01   1.2998689e+00   5.7464393e-01  -3.1630658e-01  -6.1507957e-01   1.0040447e+00
   1.0000000e+00   1.1165418e+00   1.7317806e+00  -2.0766477e+00   1.5260352e-01  -1.1873969e+00   6.8497274e-01   7.9924084e-01  -1.0498971e+00  -2.6852367e-01  -3.3540108e-01
   1.0000000e+00  -8.5615184e-01  -6.5362202e-01  -9.9434527e-01  -9.5986364e-01   3.1363605e-01   1.1396053e-01   2.8015692e-01  -1.6405880e-01   3.3824425e-01   3.7516592e-01
   1.0000000e+00  -4.9006461e-01  -7.3808748e-01  -5.4636207e-01   7.8182361e-01  -7.9841546e-01   1.6001084e-01  -9.8833670e-01  -1.8032761e+00  -1.1061621e+00   7.0448511e-01
   2.0000000e+00   7.0938793e-01   6.2971148e-01  -6.2367923e-01  -4.5384741e-01   6.8984251e-01   2.0913495e+00  -6.5183923e-01   1.0364969e+00  -3.3611596e-01  -7.2383592e-02
   2.0000000e+00  -4.6179641e-01   1.3809737e+00  -1.0814152e+00  -1.1750302e+00  -3.2659069e-01   1.0058942e+00  -7.9514093e-01   4.3611726e-01  -4.2364449e-01   1.7410381e+00
   2.0000000e+00  -1.3239389e+00   1.5348304e+00  -1.1810331e+00   1.3250409e+00  -2.8707590e-02   8.6262006e-01  -4.3298960e-01  -6.6207282e-01  -6.4248663e-01  -3.3852836e-01
   2.0000000e+00  -8.3797808e-02  -3.8744073e-01  -6.0825964e-01   1.6976833e+00   1.2103631e+00  -1.9538722e-02   1.5615159e-01   2.8634563e-01  -9.7566993e-01   2.2406401e+00
   2.0000000e+00  -9.6547152e-02  -2.6412035e-01   8.6383486e-01   2.0068011e-01   1.0096566e+00  -7.6028226e-01  -1.4518194e+00   3.4149783e-01  -1.8523076e+00  -1.3066373e+00
   1.0000000e+00  -1.3599569e-01   2.7066957e-01   2.0616504e-01  -4.8651278e-01  -2.2644527e+00   7.7188498e-02   1.2135378e+00  -4.6368015e-01   4.7377835e-02   7.1423866e-02
   2.0000000e+00   1.9776636e+00  -1.3979005e-01  -7.9486010e-01  -5.5057130e-01   3.2177422e-01  -1.3884042e+00   1.1816673e-01  -7.6238754e-02  -2.1388064e+00  -4.2867576e-01
   2.0000000e+00   9.2134406e-01   1.1189418e+00   8.1945212e-01   1.1351103e-01   4.0758963e-01  -1.0572579e+00  -3.7969680e-01   3.7338727e-01  -1.5699798e-01   2.3193741e-01
   2.0000000e+00   1.6116228e+00   5.4944032e-01  -1.9017789e+00   4.3116294e-01  -6.4078918e-03  -5.5377559e-01  -1.4609183e+00  -8.3123829e-01   8.4443935e-01  -2.2955882e-01
   2.0000000e+00  -1.4108687e+00   4.0081478e-01  -3.4917479e-01   9.3174669e-02   1.0859883e-01   1.2550498e+00   1.5042461e+00  -1.6929342e+00   4.6785149e-01   3.3268984e-01
   1.0000000e+00   3.0203721e-01  -6.8355986e-01   5.2365893e-01   3.1614014e-01  -5.5457030e-01   6.5263792e-01  -1.3836413e+00   5.9393136e-01  -5.5127044e-01   6.8540645e-02
   2.0000000e+00   8.1387588e-01   1.5935758e+00  -3.2732719e-01  -4.3694478e-02  -1.1719761e+00  -3.7304831e-01  -1.1029511e+00  -6.1327831e-01   2.2976460e-01   4.8443120e-01
   1.0000000e+00  -1.8992027e+00  -5.5883371e-02  -1.1594517e+00  -1.2053880e-01  -1.9611330e+00   1.7164142e-01   1.6635903e+00   4.6994081e-01   2.1071161e+00   4.5564082e-02
   1.0000000e+00  -3.0409564e-01  -4.6886384e-01   1.0363815e-01   1.7852347e+00  -6.3485422e-01   1.6461922e-01  -1.8638642e-01  -7.2899528e-01   1.1204730e+00  -7.1041057e-01
   1.0000000e+00  -8.7040491e-01   4.3873553e-01  -1.9283466e+00  -2.1560666e+00   8.1391803e-01   3.4784903e-01   3.0968551e-01  -1.6976737e+00  -6.4871533e-01   4.7551494e-01
   1.0000000e+00  -9.4337775e-01  -3.7219990e-01  -7.9893840e-01  -1.0619021e+00  -4.0112642e-01   2.4463190e-01   1.1361025e-01  -5.4468811e-01  -1.6245529e+00   5.5545415e-01
   2.0000000e+00   5.8027759e-02  -2.4344423e-02  -7.1902648e-02  -2.8966377e-01   1.2562740e+00   8.5477389e-01   4.8412168e-01   4.8991045e-01   1.7565787e+00  -9.5184050e-01
   2.0000000e+00  -4.3390487e-01   1.3539878e+00  -1.0479147e+00   1.3328702e-01  -1.1469705e+00  -1.2014593e+00  -1.6113482e+00   3.3065573e-01  -4.0281569e-01  -1.1991903e-01
   1.0000000e+00   8.3888973e-01  -9.7616915e-02   1.5877309e+00  -9.8581143e-01  -2.1878274e-01   4.1843195e-02   1.3530847e+00  -3.3313732e-01  -8.8239515e-01  -6.8674611e-01
   1.0000000e+00   5.8493955e-01   1.3995784e+00   9.9788626e-01   1.8212585e+00   1.5801056e+00   5.3873110e-02  -5.6333450e-02  -9.7544218e-01  -3.4432875e+00  -4.5757844e-02
   2.0000000e+00   2.3357731e-01   2.4825974e-01   7.9132145e-01   9.6588980e-01   4.1425908e-01  -1.0519059e+00  -1.7041100e-01   8.1762011e-01  -4.4789863e-01  -3.5204799e-01
   2.0000000e+00  -1.5665372e-01  -1.2660912e+00  -1.6217192e-01  -2.0195022e-02   9.1813793e-01   2.1784992e-01  -1.2922878e-01   3.1392441e-01  -5.2128939e-01  -1.6261270e+00
   2.0000000e+00   1.0371036e+00  -6.8934961e-01   9.5059421e-01   6.7943528e-01  -4.8131734e-01  -8.4439089e-02  -1.8696195e+00  -3.3445129e-01   8.9750987e-01  -2.1994110e+00
   2.0000000e+00   3.9704845e-01   6.8975279e-01   6.4883405e-01  -1.0819811e+00   8.1992357e-01  -2.1455705e+00  -1.8674788e+00  -6.3964359e-01   7.2363939e-02  -9.5153181e-01
   2.0000000e+00  -1.8521748e+00  -2.0899597e+00   5.1056252e-02   4.6918640e-01  -1.4566488e+00  -1.5968174e-01  -7.4618995e-01   1.0370645e-01  -7.5853669e-01   1.2138022e+00
   2.0000000e+00   5.8694268e-01   4.4555747e-01  -1.3117675e+00  -2.2211789e-02   1.2138786e-03   1.2555260e+00  -1.9080878e-01  -6.2342548e-01  -1.9361685e+00   6.0720848e-01
   2.0000000e+00  -1.4843102e+00   1.2355867e+00  -1.2431577e+00   1.6291076e+00   2.5534187e-01  -8.3719389e-01   4.0038380e-01   1.0565989e+00   4.4087611e-01  -1.8114943e+00
   2.0000000e+00   8.3619402e-01  -4.3655472e-01  -1.6647420e+00   1.1893912e+00  -8.7274298e-01  -5.9688683e-01  -1.6677495e-01  -1.1770191e+00   6.8245472e-01  -8.7365410e-01
   1.0000000e+00  -2.2026909e-01   6.1186905e-03   1.7325776e+00   3.3300556e-01   1.8138703e+00   3.1704829e-01  -8.0089493e-01   1.0056529e+00  -2.7828755e-01   1.9802470e-01
   2.0000000e+00   1.0623953e+00  -8.4597429e-01  -5.8494535e-01  -4.6653674e-01   1.4951018e-01  -2.2767019e+00  -1.3593220e+00   6.7352558e-01  -3.9098558e-01  -2.2810937e+00
   2.0000000e+00   1.3689320e-02   1.5923012e-01  -9.3531178e-01   1.3768949e-01   7.0071499e-01   9.8100377e-01   9.1609965e-02   1.6592717e+00  -8.7696536e-01   8.3447633e-01
   2.0000000e+00  -1.9598996e+00  -1.0021876e+00   5.0808252e-01   7.5231997e-01  -7.4999816e-01   8.0107068e-01   3.9289176e-01  -5.2818514e-02   1.1644091e+00  -4.1820954e-01
   2.0000000e+00  -2.1375412e-01   7.8658052e-03   7.9792329e-02  -4.7714750e-01   1.2805699e+00   5.4729339e-01  -5.8658449e-01  -1.1712736e+00   7.5254388e-01   1.1710369e+00
   2.0000000e+00   1.7589805e+00  -1.5935966e+00   1.5795364e+00   5.1292067e-01  -1.7117955e+00  -1.7358235e-01   2.6651097e-01  -1.1579111e+00   1.7950331e+00  -5.4255888e-01
   2.0000000e+00  -2.6281816e-01   2.7519181e-01  -6.4711875e-01  -1.8975366e+00   7.5410213e-01   2.0905012e+00   1.0577551e+00   7.2591936e-01  -1.8828976e+00  -1.4230236e+00
   2.0000000e+00   1.9569134e+00   5.6729381e-01   1.6267761e+00  -2.5114536e+00  -1.6847424e+00  -7.8417630e-01   4.5931881e-02  -7.6404359e-01  -1.2042627e+00   5.0624516e-01
   2.0000000e+00  -3.0844986e-01  -8.8649922e-01  -2.8150549e-01   1.3000446e+00   8.5257019e-01  -1.4295863e+00   2.3749473e-01   1.3711626e+00   1.5719643e+00   7.1333127e-01
   2.0000000e+00   4.7221005e-01   6.3783184e-01   1.4641681e+00  -2.0011157e-01   6.8973084e-01  -1.9184445e+00  -2.5587156e-01  -4.1924679e-01  -1.0399607e-01   1.2175784e+00
   1.0000000e+00  -1.3449562e+00   7.6441723e-02   1.6018306e-01   4.1951592e-01  -1.7164042e+00   7.4330763e-01  -7.1776618e-01  -1.0305123e+00  -1.4909511e+00   3.8696196e-01
   2.0000000e+00   2.6166847e+00   4.3115656e-01  -9.8517934e-01  -9.2050833e-03   2.6809426e-02   9.6585655e-01   5.3917858e-01   1.5338652e+00  -6.6106294e-01  -1.1554386e+00
   2.0000000e+00  -1.3747358e-01  -4.9366516e-01  -3.9876052e-01   5.6985881e-01  -9.3681378e-01  -1.3290596e+00   6.0295361e-01   3.5545644e-01   4.6083804e-02  -7.4521468e-01
   2.0000000e+00  -6.4788862e-01  -4.6472985e-01   8.3820792e-01  -1.3163488e-04   7.9871972e-01  -7.8094467e-01   1.2386788e+00   9.8405261e-02   8.7892562e-01  -1.2189957e+00
   2.0000000e+00  -2.0723782e-01  -4.6326872e-02  -1.2737645e-01   1.1449495e+00   7.0004519e-01  -1.9513181e-01  -5.8541680e-01   1.0847876e+00  -3.7524985e-01   2.0490623e-01
   2.0000000e+00  -8.7442569e-01   8.6125848e-02   1.4969350e-01   6.3916729e-01  -8.5005253e-02   1.5988234e+00   2.4741997e+00   4.9223221e-01   6.4042785e-01  -1.4788079e+00
   2.0000000e+00   2.4252725e+00  -7.3717178e-01  -7.6953368e-01  -1.3452252e+00   1.5176044e+00  -1.1969854e+00   7.6694007e-01   1.9977243e-01  -2.5757498e-01   5.4648389e-02
   2.0000000e+00   8.5492999e-01   3.6017354e-01  -1.0945379e+00  -1.2857988e+00   1.1699237e+00  -8.8429018e-04  -8.2878867e-01  -2.4337279e+00  -1.0638914e+00  -3.3173458e-01
   2.0000000e+00   1.1536084e+00   1.3311973e+00  -7.0516902e-01  -9.6551443e-01  -2.8586506e+00  -6.2219564e-01  -1.1005852e-01  -1.0800973e+00   7.7576033e-01   1.4572107e+00
   1.0000000e+00   8.5569568e-04  -3.6181057e-01   1.8828316e+00   6.7838762e-01   1.9730720e-01   7.7455462e-01  -9.6015785e-01   3.7807599e-01  -1.6412132e+00   2.9556706e-01
   2.0000000e+00  -2.9743064e-01   4.2323539e-02   2.2734499e-01   6.3542084e-01  -1.2293738e-01   3.3240497e-01   3.8987296e-01  -1.1382888e+00  -3.2450376e-01  -1.0101318e+00
   2.0000000e+00  -5.9117992e-01  -5.9310607e-01  -1.0691598e+00   2.5277353e-01  -1.3108076e+00  -2.5397880e-01  -2.3585127e-01   3.0036099e-01   1.3052207e-01   2.5990199e+00
   2.0000000e+00  -1.1318923e+00   7.1121669e-01  -5.0911885e-01  -2.3080309e-01  -6.9475297e-02   1.3452112e+00  -7.5742662e-01   4.3930360e-02  -1.0664129e+00  -1.0296754e+00
   2.0000000e+00   9.9957912e-01  -6.3153868e-01  -1.0010201e+00  -1.1559990e+00   1.3689247e+00  -3.5329964e-01  -1.0911693e+00   7.6423610e-01  -4.7724767e-02  -6.3772525e-01
   2.0000000e+00  -6.9447029e-01  -1.0345764e+00   1.2809936e+00   3.8371237e-01  -4.7198146e-01  -9.6318074e-01   1.2215909e+00   1.0018158e-01  -3.3723250e-01   1.7899181e+00
   2.0000000e+00   1.4373488e+00  -4.8894733e-01   3.3738204e-01   1.5626806e+00   7.5054001e-01   2.5531473e-01   1.7650393e-01  -7.2244307e-01  -8.4241487e-01   1.4080489e+00
   2.0000000e+00   2.3630561e-01   1.0769374e+00  -1.9439527e+00   6.8567743e-01   1.0521804e+00  -9.3472745e-01   5.6332903e-01  -1.3241143e+00  -1.9842337e-01  -6.5364955e-01
   2.0000000e+00   1.3010237e+00   5.6554413e-01  -3.9450686e-02  -1.2211503e+00  -1.9926562e-01  -6.5557874e-01  -6.8952327e-01   9.9947992e-01   7.2718671e-01   9.1927743e-01
   2.0000000e+00  -7.6042181e-01   5.8179022e-01  -7.0471143e-01  -2.0331183e-01  -6.9062076e-01   7.0876645e-01   7.5859554e-01  -4.3003556e-01  -1.9134168e+00   1.6868432e+00
   2.0000000e+00  -6.6361896e-01  -6.7063852e-02  -1.2025041e+00   1.1100223e+00  -1.6680443e+00  -5.3899933e-02   3.3365731e-01  -8.0445093e-01   1.4034258e+00  -4.5966162e-01
   2.0000000e+00   5.6307641e-01   7.9541046e-01   1.2792931e+00  -2.8187416e+00   3.8710247e-01  -2.2679615e+00  -1.2741678e+00  -6.6541538e-01  -6.2926220e-01   4.7303687e-01
   2.0000000e+00  -4.8870933e-01  -2.3165815e-01  -3.8570677e-01  -2.6956470e+00   6.9475339e-01  -2.6899574e+00  -6.7118257e-01   4.4179336e-01   1.2316605e+00  -4.5494461e-01
   2.0000000e+00   2.2503597e-01   1.7680299e+00  -8.2766119e-01  -9.2242357e-01   1.1050802e+00  -1.6521567e+00  -2.5256439e-02  -8.8305083e-01  -1.6539940e+00  -4.3528937e-01
   2.0000000e+00  -1.9806119e-01   2.0703472e-01  -6.6921673e-01  -2.1539574e+00   1.0671159e+00   7.4841805e-01  -1.4949123e-01   9.2734370e-01  -3.2301304e-01   8.9528588e-01
   2.0000000e+00  -1.6381215e+00  -4.5467122e-01   5.6025323e-01   3.6886524e-01   1.0684722e+00  -2.2002179e+00   1.2766312e+00  -1.5350013e+00   1.0995597e+00  -5.8390177e-01
   2.0000000e+00  -1.4599937e+00   3.2155086e-02  -1.4083620e+00   5.4592261e-01  -2.5756196e-01   9.5703983e-01  -3.4938452e-02  -7.1001970e-01  -1.9798727e+00  -4.8632034e-01
   2.0000000e+00  -7.7831314e-01  -7.9478398e-01  -3.3129900e-01   1.3642783e+00   4.5663665e-01  -2.9736475e-01  -1.3494193e+00   9.5662199e-01  -5.2273492e-01  -2.1356731e-01
   2.0000000e+00   2.0948661e+00  -7.0049338e-01   4.2970078e-01   6.3209164e-01  -5.6304234e-01   9.5536061e-01  -1.7121832e+00  -2.7918282e+00  -6.6192194e-01   5.4772931e-01
   2.0000000e+00   6.6253201e-01  -8.4873140e-02   3.1976556e-01  -3.0513236e-01   7.2235785e-01   9.4043407e-01   7.7791468e-01   7.9092292e-01   5.3312207e-01  -1.1110496e+00
   2.0000000e+00  -2.8764519e-01  -1.3999627e-01   2.1686874e-01  -1.3604210e-01  -1.0424863e+00  -1.1126120e+00   1.5685839e+00  -1.2896243e+00   1.7869138e+00   3.4463796e-01
   2.0000000e+00   1.9456523e-01  -7.5525378e-01   1.4558554e+00  -5.7429201e-01  -4.5924556e-01  -1.2902918e+00  -1.3854889e-01   9.3604719e-01   2.0211341e-01  -3.1235877e-01
   2.0000000e+00  -2.2718382e-02   9.0009126e-01   3.1380385e-01  -4.4352629e-01   7.2024963e-01   1.5810975e+00   1.4396919e+00  -7.8121030e-01  -4.4256403e-01  -5.2381628e-01
   1.0000000e+00   2.1598462e-01   6.9977165e-01   1.0030550e-01   9.5760189e-02  -1.4989676e+00   8.4800378e-02   5.0930121e-02  -2.3906650e-01   9.1104927e-01  -1.8219483e-01
   2.0000000e+00   6.9726718e-01  -1.0441930e+00  -2.2306706e+00  -2.4501227e-01  -4.4219717e-02  -1.6671066e+00  -4.1088512e-01   1.2605057e+00  -4.9159363e-01   1.5603499e+00
   2.0000000e+00   5.2717064e-01   1.2175099e+00  -1.3476960e+00  -2.9663593e-01  -3.4613066e-02  -1.8822026e-01   1.4189824e-01   7.2741645e-01  -6.3808350e-02   5.8225833e-01
   2.0000000e+00  -2.1897036e+00   5.8137158e-01  -2.4962716e-01  -1.0694907e-01  -2.2792271e+00  -1.8019132e+00   7.7974575e-01  -7.5790990e-01  -1.2619542e+00  -5.9379014e-01
   2.0000000e+00  -1.7393202e+00   2.2618226e+00   8.5854742e-01  -1.0234408e+00  -5.1034990e-01  -1.3017961e+00  -1.4421709e+00   6.9271345e-01   3.6708709e-01   8.8040973e-01
   2.0000000e+00  -7.0964237e-01   1.1415856e+00   2.1603339e-01   1.6640740e+00  -2.9259753e-01  -8.4956723e-02  -5.3480215e-01  -1.7703275e-01  -4.6016844e-01  -8.4018011e-01
   1.0000000e+00   2.6812740e-01  -3.2542106e-01  -1.1960212e+00  -5.1607959e-01   5.6356557e-01   2.4299203e-01  -3.9273147e-01   7.3769411e-01  -1.8489311e-01  -1.5314330e-01
   2.0000000e+00   4.9383238e-01   1.5809940e+00   2.6746784e-01   5.7569125e-01  -4.0251396e-01   3.4369642e-01   7.7375685e-01  -1.8773176e-02   9.9724233e-01  -1.3615386e+00
   2.0000000e+00   1.7234644e+00  -1.6814630e+00   1.2280746e+00  -6.0062210e-01   9.0387843e-01   1.7133105e+00   1.7117893e+00   3.9780400e-01   3.2284881e-01  -1.1300434e+00
   2.0000000e+00   5.8870253e-02   1.6054312e+00   8.6971632e-01  -1.3863645e-01   1.8632467e+00  -1.1897631e+00  -1.0920264e+00   5.7534542e-01   1.8762927e-02  -3.3045341e-01
   2.0000000e+00  -6.6595065e-01   5.4973903e-01  -1.2986546e+00   8.5245219e-01  -1.1274729e+00  -6.2253477e-01   1.9231809e-03  -6.6099146e-01   4.4028214e-01  -1.2317916e+00
   2.0000000e+00  -5.6192088e-01   4.0191880e-01  -8.2058381e-02  -5.5444361e-02   9.3078889e-01   1.4221946e+00   8.9189552e-02  -1.2634936e+00   1.3532389e+00   3.9396114e-01
   1.0000000e+00  -1.9443250e+00  -6.2170984e-01  -1.5501760e-01   2.5285630e-01  -4.9390920e-01   9.5876431e-02  -1.3780960e+00   1.0354930e+00   1.4807873e+00  -5.7810780e-01
   2.0000000e+00  -2.6746827e-02  -1.4558227e+00   6.0904793e-01  -3.0676818e-01  -7.8634468e-03   7.9886794e-01  -1.5370098e+00   3.0134090e-01  -9.1293725e-01  -4.2531801e-01
   2.0000000e+00   6.9684531e-01   8.5763359e-01   5.0217820e-01  -4.8544665e-01   2.1746156e-02   3.5885223e-01   8.3649287e-02   1.0981232e+00  -1.0240837e+00  -1.4886549e+00
   2.0000000e+00  -1.1650732e+00  -9.6471622e-01  -1.5281630e+00   1.4308635e+00  -2.6752806e-01   5.0278879e-01  -1.9631263e+00   7.9994616e-01  -2.0078941e+00   2.4829029e+00
   1.0000000e+00   6.7807754e-01  -1.1142327e+00   5.8755498e-01  -2.8615444e+00   1.2037373e-01   1.1267533e-01   5.8241317e-01  -9.8572017e-01   4.1749955e-01  -3.6404511e-01
   2.0000000e+00  -2.6763383e-01  -1.6032481e+00  -8.3034404e-02   1.0683779e+00   7.7491907e-01  -1.2787388e+00   6.6178663e-01  -2.1969481e-01   4.1591362e-01  -2.6854872e-01
   2.0000000e+00   1.6672353e-01  -2.7977311e-01   9.5063236e-01  -2.0921522e-02   7.3216571e-01  -6.8770502e-01   7.8722779e-01   1.7791423e-01  -1.6338651e+00   1.5956472e+00
   2.0000000e+00   6.6482407e-01  -3.0355690e-01   2.6886755e-01   5.0466622e-01   1.8247467e-01   1.3589976e+00  -2.5836456e-01   2.0592529e+00   2.0567625e-01  -1.2388175e+00
   2.0000000e+00  -1.3076971e+00  -1.4982608e+00  -1.4316467e+00   2.3225721e-01   1.9386533e-01   1.1158101e+00   2.9600804e+00   5.0163657e-01  -7.6789172e-01   1.0619145e+00
   2.0000000e+00  -2.7631538e+00   8.9384355e-02   7.5928251e-01   8.7341221e-01   5.8984218e-01   1.1846371e+00  -2.1248930e-01   1.2071568e+00   1.3292940e+00  -1.9459218e+00
   1.0000000e+00  -3.7108559e-01   5.4973517e-01  -9.2583253e-01  -2.5594250e-01  -1.0963049e+00   1.5467947e-01   4.7118989e-02  -1.3541911e+00   5.0695755e-01  -7.1419105e-01
   2.0000000e+00  -8.2607173e-01   1.2792614e+00  -1.4301382e-01   1.2462089e-01  -5.9964063e-02   1.7121406e+00   1.6440915e-01   5.0767509e-01  -4.9819466e-01   1.1201866e+00
   2.0000000e+00  -3.3337327e-01   1.4104591e+00  -1.9520683e-01   2.7388358e-01   1.7529791e+00   1.7889995e+00  -1.0809370e-01  -2.0995523e-01   7.9314631e-01   4.3458360e-01
   2.0000000e+00   1.4529395e+00  -8.5358521e-02  -7.6858894e-01  -5.9066525e-01  -2.3350513e-01  -4.1845195e-01   1.4537358e+00   2.5949156e-02   2.0789572e+00  -1.2782308e+00
   2.0000000e+00   9.8897066e-01   6.3746654e-01   1.0144787e+00   1.1221662e+00  -1.4479497e+00   2.9872437e-01  -9.0679261e-01   6.3231707e-01  -4.2563874e-01   8.6781306e-01
   2.0000000e+00  -4.2918391e-01  -6.5120251e-02  -5.1416010e-02   1.2660332e-01  -9.9764983e-01  -4.2325919e-01   6.6284724e-01  -5.9855515e-01   6.1693137e-01   4.8326197e-01
   2.0000000e+00  -2.9467718e-01   8.5944525e-01   1.9819871e-01  -1.0323904e+00  -1.7617044e+00  -1.6401810e-02   1.1545115e+00   2.1920315e-01   1.1112376e+00   1.6259968e+00
   2.0000000e+00  -1.3893756e+00  -2.1418990e+00  -1.5843915e+00   1.2241319e+00  -1.4507812e+00  -1.9013937e+00  -1.8595526e+00   4.5393858e-02  -5.4046607e-01   3.4592535e-01
   2.0000000e+00   6.9455178e-01  -1.8461717e+00   3.9983624e-02  -6.3940208e-02   2.1834633e+00   1.8232359e+00   5.1901723e-01   5.2286068e-01  -4.7341665e-01   2.9864792e-01
   2.0000000e+00  -3.6240402e-01  -1.3101100e+00  -1.4034962e+00  -8.1445734e-01  -7.6572037e-02  -2.5444120e-01   1.6423709e+00   2.0100649e+00  -6.4154826e-01   2.6777225e-01
   2.0000000e+00   4.8382177e-01  -3.4281702e-01  -4.5368472e-01  -1.6664053e+00  -7.4129390e-01  -6.8355658e-02   3.4348307e-01  -1.5043393e+00  -7.5379121e-01  -2.1593076e+00
   1.0000000e+00   1.0512346e-01   3.1571628e-01  -4.3132511e-01  -2.6636398e-01   2.5063973e-01   4.4635428e-01   2.3703823e-01  -6.8830040e-01   8.5519740e-01   3.4712498e-01
   2.0000000e+00  -1.8733261e+00   6.6246337e-01   7.3933740e-01  -1.1878575e+00   2.7458441e-01  -7.0534794e-01  -4.9051015e-01  -4.6954944e-01  -3.9214882e-01  -8.0518753e-02
   2.0000000e+00  -1.4626550e+00   1.6724664e+00   3.1019691e-01  -5.8704932e-01  -1.2691489e+00   5.9543362e-01   1.1663315e+00   9.2704762e-02   6.8871764e-01   7.1317529e-01
   2.0000000e+00  -4.9617277e-01  -1.1288918e+00  -4.0838885e-01   4.7972644e-01   5.1214823e-01   1.7804125e+00   4.2975197e-01   1.7293996e+00   1.6079346e-01   7.1928141e-01
   1.0000000e+00   7.1459479e-01  -6.5780714e-01  -9.8080465e-02  -1.0888427e-01  -3.0191070e-01   6.7944634e-02  -3.5978772e-01  -6.0909720e-01  -2.9754958e-01   5.8728303e-01
   1.0000000e+00  -2.2915015e+00  -1.6310609e+00  -5.1914893e-01  -9.0774485e-01  -3.8687788e-01   3.8192421e-02  -1.3053404e-01   6.0535929e-01  -2.9094994e-01  -2.5262005e-01
   1.0000000e+00  -4.0707114e-01   1.0294089e+00  -8.4483138e-01   4.0261070e-01   2.4647027e-01   5.1175882e-01  -9.1662962e-01  -1.4572276e-01  -8.1071579e-02   5.7709922e-01
   2.0000000e+00  -7.8736734e-01   1.0298839e+00  -1.7019313e+00  -6.8863636e-01   7.2075260e-02  -1.0082493e+00   6.2053511e-01  -4.4018968e-01   7.9545652e-01   5.1939463e-01
   2.0000000e+00   6.2866323e-01   2.3259882e-01  -7.0570992e-02   3.5847981e-01   5.5225240e-01   1.3151632e+00   1.8973170e+00   7.9374141e-01  -6.5851175e-01   4.0333682e-01
   2.0000000e+00   3.0779593e-01   1.2323240e+00   2.2053856e-01   1.2076394e+00  -7.3410620e-01  -6.9641353e-01   2.9719054e-01  -1.0947413e+00   4.1818374e-01   1.2937492e+00
   2.0000000e+00  -1.6743943e+00  -1.4788683e+00  -8.2352088e-01  -1.2802563e-01   4.9589863e-01  -1.5907409e+00  -1.4248639e-01  -2.6091459e-01  -5.5025829e-01  -4.4736520e-01
   2.0000000e+00  -1.4312689e+00   1.4251215e+00  -1.5033083e-01  -2.1204113e-01  -2.8122327e-01  -7.8997942e-05   2.9947267e-01  -2.3406498e-01   2.1901862e-01  -9.6334397e-01
   1.0000000e+00   5.3212759e-01  -1.1490283e-01   8.5685779e-01  -6.9745778e-01  -9.2139190e-01   4.9529321e-01   3.0867063e-01   5.9768642e-01  -7.3265439e-01  -5.2045341e-01
   2.0000000e+00  -1.9708001e-01  -5.2244696e-01  -5.5399359e-01   4.5246149e-03  -1.5424769e+00  -6.8884390e-01  -4.1813294e-02   5.8134720e-01   3.1848424e-01   1.3678626e+00
   2.0000000e+00   3.1517377e-01  -2.2586558e-01  -4.1742957e-01  -3.5455855e-01  -4.6803125e-01  -8.4127408e-01  -2.1822664e-01   1.8065790e-01  -6.5253656e-01  -2.2312187e+00
   1.0000000e+00  -1.3710340e+00  -5.4711715e-01  -1.1685462e+00  -1.2411024e+00  -3.0991109e-01   4.4945603e-01  -1.9137605e+00   4.2383439e-01   3.7120197e-01  -4.0625189e-01
   2.0000000e+00  -1.0353927e+00  -2.9427369e-01  -7.0262183e-01   6.4361978e-01   2.7783414e-01  -4.7647028e-01   2.3359113e-01   8.6119811e-01   6.7109836e-01   4.6522240e-01
   2.0000000e+00   1.4088849e+00   3.0289362e-01  -1.5438094e+00  -8.8414654e-01   1.7052519e+00  -1.0948475e+00  -3.1582785e-01   1.5640601e+00   5.2608086e-01   8.9709470e-01
   1.0000000e+00  -1.3955906e+00  -1.4411534e+00  -2.2086085e-01   1.5267364e-01  -1.3250989e+00   2.1312904e-01   1.8465898e-01  -4.8822752e-01  -5.6951171e-01   5.1539898e-01
   2.0000000e+00   6.9625072e-01  -5.6427440e-01   9.9596662e-01  -7.8639757e-01   4.1401114e-02   1.5566201e+00  -7.8675454e-01   3.7268042e-01   5.3172366e-01  -2.0124818e-01
   2.0000000e+00   7.6372759e-01  -1.3622761e+00   8.6754045e-01   1.1036249e+00   6.7955485e-01  -6.3541729e-01  -5.8492381e-01  -1.4556570e-01  -9.6202867e-01   1.9448171e-01
   2.0000000e+00   2.7706912e-01   1.8445652e+00  -5.6208187e-01  -7.3107142e-01  -9.4650717e-01   1.7238362e-01  -1.9718238e+00   6.7422609e-01  -1.2912342e+00   9.7692111e-01
   2.0000000e+00  -6.2311476e-01   1.3656978e+00  -1.3500954e+00   1.8146886e+00   1.1984928e+00  -1.8626722e-03   1.4128226e+00  -2.0759388e+00  -7.4317285e-01  -5.5624490e-01
   2.0000000e+00   1.0340409e+00  -1.1770243e+00   2.8829249e-01  -9.4830074e-01   2.6427541e-01  -2.2653308e+00  -3.9125467e-01  -2.1089194e+00   5.6365643e-01  -5.5056474e-01
   1.0000000e+00  -1.4070589e-01  -3.3827321e-01  -1.3104279e+00  -4.3480442e-01  -3.6915330e-01   5.0334783e-01   2.1944293e+00   1.2955230e+00   7.8722630e-01   9.4798566e-02
   2.0000000e+00  -7.9368136e-01   1.2016892e+00   5.3749729e-02  -2.1052827e-01   6.3767427e-01   5.0046094e-01   1.6490926e-01  -5.9648432e-01   4.3274317e-02   9.0717000e-01
   2.0000000e+00  -1.0093125e+00   5.9138182e-01  -1.6195255e+00   1.6570381e-01  -9.5901800e-02   1.2755177e+00   6.3667375e-01   1.4706805e+00   1.5519048e+00  -5.7511728e-01
   2.0000000e+00  -5.0642446e-01   1.7679004e+00  -1.7088437e+00  -6.4172923e-01   9.2693487e-01   3.1999001e-02   1.0715730e+00  -8.1693440e-01  -1.1249771e+00   2.3599552e+00
   2.0000000e+00  -3.9694657e-01  -5.7058797e-01   4.1611537e-01   4.4890531e-01   9.5882278e-01   2.0510745e+00  -2.0030841e+00  -2.3218595e-01  -5.2152145e-01  -1.5544937e+00
   2.0000000e+00  -1.6261910e-01  -6.4383750e-01  -1.5688449e+00  -9.3545193e-01   1.2541424e+00  -1.0407983e-01   2.1365289e-01   2.3255411e-01   2.0733583e-01  -2.1436206e+00
   2.0000000e+00  -1.1411552e+00  -1.8467913e-01   2.2028169e-01   8.3134087e-01   1.5462266e+00  -2.3575158e-01  -1.4604178e+00  -3.7160016e-02  -8.5212900e-01   1.4738635e+00
   2.0000000e+00  -2.1352616e+00  -5.5311282e-01   9.7668433e-01   3.1776737e-01  -8.3599021e-02   5.8814557e-01  -1.5960529e+00   7.6218682e-02   3.4360180e-02  -8.9678624e-01
   2.0000000e+00   6.5038021e-01  -1.7637351e+00   6.2281020e-01   3.1447335e-01   6.8325828e-01  -1.9585536e+00  -8.0177237e-01   1.8643833e+00   2.5083009e-01  -7.7782386e-02
   2.0000000e+00  -2.6769987e-01   1.2352249e+00   1.0369625e+00   1.7304763e-01   8.4203698e-02  -1.9745879e+00  -1.0155712e+00  -7.3312565e-01  -7.4955420e-01   6.9608548e-01
   2.0000000e+00   1.3890942e+00   2.8967002e-01  -8.6882229e-01   2.0204606e+00  -9.5007052e-01   6.6869509e-03   3.5172485e-01   5.1187363e-01  -2.0549562e+00   1.0371065e+00
   2.0000000e+00   1.5420084e+00   1.5338086e+00   1.0727261e+00   8.1784412e-01  -8.4145284e-01  -7.2725671e-01  -2.1409472e-01   2.3441295e-01   1.5392234e+00   1.8655787e+00
   2.0000000e+00  -1.9247092e+00  -1.2610342e+00  -2.0003813e+00   1.0998877e+00  -1.6519640e+00  -1.5532709e+00  -3.8904740e-01   1.9051781e-01  -1.1099103e+00   1.1447328e-01
   2.0000000e+00  -8.8367673e-02  -1.9472681e-01   1.2359752e+00   8.4724101e-01   3.6798213e-01  -7.1355437e-01   1.7126426e-01  -1.3164421e-01  -1.0324359e+00   1.2231937e+00
   2.0000000e+00   3.7756205e-01  -1.6575742e+00   1.1353962e+00   3.0532413e-01   8.1265393e-01  -1.4232396e+00  -1.0356504e+00  -5.4780473e-01   4.4917950e-01  -1.8774697e+00
   2.0000000e+00   1.0587521e+00  -5.1375720e-01  -2.0557030e+00   1.1751454e+00  -8.0735615e-01  -9.3740458e-01   2.3572316e+00   3.2384669e-01  -1.9779242e+00  -1.1404114e+00
   1.0000000e+00  -5.4176445e-02  -2.6929722e-01  -1.5609215e+00   1.4770079e+00   1.4837735e+00   2.5529550e-01   1.2472817e-01  -9.0979245e-01   1.4954719e+00   7.5768395e-02
   2.0000000e+00  -2.4205944e-01   2.9237943e-01   9.4701837e-01  -1.4817313e+00  -2.9990946e-01  -1.3974280e+00  -2.1353318e-02   5.3857823e-01   2.3329007e+00  -2.3083147e-01
   2.0000000e+00  -3.1676350e-01   9.1677480e-02   4.3478787e-01   2.0806521e-01   9.1567623e-01   1.5058865e+00  -1.4348118e-01  -2.1441257e+00  -4.7896038e-01   2.8548056e-01
   2.0000000e+00  -6.2020410e-01  -2.4633203e+00  -1.1572380e+00  -1.7268054e+00  -1.8619103e-01   5.1298547e-01  -9.3731783e-01  -1.3921384e+00  -7.2051048e-01  -1.6142595e+00
   2.0000000e+00  -1.0348131e+00  -4.5108829e-01   8.1263846e-01   1.1143418e-01  -4.7754788e-01  -2.1843724e+00  -5.1933643e-01  -2.0869280e+00   1.4588995e+00   2.6597013e-02
   1.0000000e+00   1.2307577e+00   2.7755156e-01   1.6629877e+00  -1.1315486e+00  -4.0512011e-01   5.1134995e-02  -8.7000570e-01   6.5341610e-02  -4.7670885e-01  -4.5567789e-01
   2.0000000e+00  -2.9506630e-01  -1.4214974e+00   1.5628725e+00   1.3660917e-01   5.4922943e-01   1.5796042e+00  -3.3854222e-01   6.1005960e-01  -5.0207540e-01  -1.3586035e+00
   2.0000000e+00  -7.0718310e-02  -2.9045121e-01   1.9538210e+00   5.8678585e-01  -7.9364875e-01  -2.1176612e-01  -4.9631816e-01   8.2641199e-01   9.8660576e-01   9.0269922e-01
   2.0000000e+00   7.5290269e-01   1.7253205e+00  -2.6834220e-02   6.5937361e-01   1.4757700e+00  -1.7582992e-01   1.2349613e+00   5.5195870e-01   1.0289016e+00   2.8548840e-01
   1.0000000e+00  -1.3109509e+00   1.2372178e+00   1.0309768e+00   7.7314006e-01  -2.7408432e-01   7.9340456e-01  -3.3064766e-01   1.4421418e-01  -2.1081275e-01   9.5876032e-02
   2.0000000e+00   1.0388363e+00  -3.9524533e-01  -2.7603405e-01   1.9210294e-01  -2.1503949e-01  -1.1486418e+00   5.5407051e-01  -1.1797041e-02  -3.5237698e-01   1.1325379e+00
   2.0000000e+00  -9.7569855e-01  -4.8221887e-01   1.8519091e-02  -5.7867464e-01   6.2354800e-01   1.8599859e+00   1.5183684e+00   9.3593719e-01   1.2429142e-01  -7.8064411e-02
   2.0000000e+00  -5.2841788e-01  -1.0328614e+00  -1.3097740e-01   5.2026090e-01   1.7272780e+00  -5.9457288e-01   1.3682791e+00   4.1438516e-02   1.2462411e-01   7.6604974e-01
   2.0000000e+00  -1.0516830e+00  -9.6320944e-01  -9.5954591e-01   8.6294023e-01   5.4484258e-01  -8.0687683e-01   5.6610908e-01   4.7175726e-01   2.2451667e-01   9.7376108e-02
   1.0000000e+00   1.7233149e+00  -1.4456806e-01  -5.8653072e-01  -3.2873784e-01  -1.7773039e-01   2.7904076e-02   4.4138006e-01  -8.3884251e-01  -6.5556241e-01  -3.1218147e-01
   2.0000000e+00   9.6514848e-01  -1.2821191e+00  -6.9362748e-01   4.8924816e-02   6.8796002e-01  -1.2166894e+00   4.6319498e-01   1.4821380e+00  -8.4594533e-01   5.9332619e-01
   2.0000000e+00   3.2906896e-01   1.0309685e+00  -1.3752684e+00   1.2112613e+00  -1.2219130e+00  -1.1151902e-01  -1.4604939e+00   1.5087286e+00   8.9209122e-01   4.8214435e-01
   2.0000000e+00  -1.2882031e+00   2.2784889e-02  -4.4992447e-01  -6.9722711e-01  -8.1951612e-01  -1.1476475e+00  -6.4029307e-01   5.8367602e-01   2.5170028e-01  -1.3917239e-01
   2.0000000e+00   1.4002037e-01   4.4832207e-01   7.7116315e-01  -2.0739066e+00  -8.3012875e-01  -2.8062722e-01  -4.3937815e-01  -1.0603986e+00  -2.2751874e-01   9.5386597e-01
   1.0000000e+00   2.1318580e-01   1.5353589e+00  -1.1483060e+00   2.1019627e-01   5.8337154e-01   9.5171735e-02   6.3697472e-01  -6.4675934e-01   1.7554470e+00   8.4921339e-01
   2.0000000e+00   5.5064737e-01   2.2316852e-01   3.3844465e-01  -1.2213320e+00  -5.9899502e-02  -3.8484906e-02  -1.5699574e+00  -1.3597109e+00   3.5663679e-01  -4.1666617e-01
   2.0000000e+00  -3.3959908e-01   1.9288213e+00   5.2370589e-01   8.9331415e-01  -1.5697668e-01  -2.4931557e-01  -1.0292670e+00   1.4030636e+00   1.1557989e-01   1.0122620e+00
   2.0000000e+00   6.3311507e-01  -1.4298190e+00  -1.3949316e+00  -7.7644770e-01  -8.1268877e-01  -5.9398240e-01  -2.1875933e+00  -3.6340486e-01  -7.3495011e-01   7.7724060e-01
   2.0000000e+00  -3.8838823e-01   1.0959395e+00   7.2396139e-01  -1.4155844e+00   2.3451002e+00   4.1932810e-01  -3.3049944e-01   9.1421700e-02  -8.4856705e-01  -1.1964002e+00
   2.0000000e+00   5.3662487e-01   4.7481363e-01   3.9292241e-01  -5.9367237e-01  -1.1449646e+00   4.4484418e-01  -1.6358324e+00  -1.2088141e+00  -3.4451643e-01   9.4094305e-01
   1.0000000e+00  -1.9532727e+00   1.2949049e+00   4.8123800e-02  -1.7160797e-01  -2.2381211e+00   6.0512446e-01  -2.1108085e+00  -2.1132991e+00  -1.2884333e-01   1.1770402e-01
   2.0000000e+00  -4.9846781e-01  -5.7132884e-01   2.5068927e-01   3.2677427e-01   2.2692694e+00  -2.2177157e+00  -4.0190100e-01   5.6710131e-01   1.5585522e+00  -1.9136534e+00
   2.0000000e+00  -2.3094282e+00   1.5592925e+00  -3.5367481e-01  -8.5743953e-01   7.8023116e-01  -5.9824878e-01  -2.6587831e-01   7.3978778e-01  -4.7825012e-01   3.3387366e-01
   2.0000000e+00  -9.0615957e-01  -3.3244872e-01   1.4375953e+00  -1.4075912e+00   8.5700171e-01   9.8067170e-01   1.2997629e+00   1.1817653e-01   2.1161732e+00  -1.2753798e+00
   2.0000000e+00  -5.2635709e-01   9.4454095e-01   1.0776674e+00  -8.2659023e-02  -8.5266861e-02  -3.4147824e-01  -1.9691795e-02  -1.1786876e+00  -2.9475264e-01  -2.5921648e-01
   2.0000000e+00  -1.2543730e+00  -1.0135570e+00   9.3599057e-01   1.3460389e+00   4.1610151e-01  -6.5117335e-02  -1.9125939e+00  -3.0904169e-01   9.1878314e-01   1.4236341e+00
   1.0000000e+00   8.3463866e-01  -3.0983624e-01  -7.2214540e-01  -1.1621649e+00  -1.1351842e+00   4.1176902e-01  -9.8733699e-01  -6.8112909e-02  -1.0774231e+00   7.1200108e-02
   2.0000000e+00   2.4727709e-01  -1.3312648e+00   2.9255766e-01   3.8598801e-01   1.5218146e-01   1.1055435e-01   4.8804692e-01   1.0128720e+00  -1.4774957e-01   1.2208037e+00
   2.0000000e+00  -1.6345049e+00  -1.5860559e+00   1.7606720e-01  -1.6266126e+00  -8.4534940e-01  -5.2792788e-01  -5.9585012e-03  -9.0859666e-02   1.1991851e-01  -6.8608652e-01
   2.0000000e+00   7.2593320e-01  -7.6077786e-01   1.1554973e+00   1.5409064e-01   1.2658467e+00  -5.6632042e-01   1.8258130e+00  -6.6978446e-01   2.0957931e+00  -5.9514651e-01
   2.0000000e+00   1.4025177e-01  -9.6255360e-01  -5.2743889e-01  -5.5963948e-01  -1.0623949e+00  -4.9744653e-01   7.0931619e-01   5.0871953e-01   3.3721264e-01  -1.2752862e+00
   2.0000000e+00   7.2097157e-01   1.2627615e+00   5.6594033e-01   1.6465522e+00  -5.7337102e-01   1.1705654e+00   1.0124997e+00  -2.8761707e-01  -1.4346839e+00   5.1277212e-02
   2.0000000e+00   1.0054841e+00   1.7300076e+00   3.1214300e-01   7.2035940e-01   7.1973965e-01  -9.2129961e-01   3.4555464e-01   9.5949021e-01   5.8830031e-01  -1.4634056e-01
   2.0000000e+00   1.0727233e+00  -1.8603454e+00  -4.1185893e-01  -2.6570472e-02  -5.2437934e-02  -4.0316157e-01  -1.6551632e-01   2.6152995e+00   1.7257121e-01   3.8438482e-02
   1.0000000e+00  -1.0018244e+00   2.3146686e-01  -1.3192415e+00  -6.0583806e-01   1.4138303e-01   2.4942099e-01  -4.3575760e-01  -1.2641707e+00  -1.6825033e+00  -2.5864916e-02
   2.0000000e+00  -1.2864742e+00   1.3220962e+00  -6.6835506e-01   1.3670984e+00   1.2532735e+00   1.0319014e+00  -1.1218285e+00   6.9802131e-01  -1.7594830e-01   9.3147379e-02
   2.0000000e+00  -7.6090177e-01  -6.3828885e-01   1.8986184e-01  -3.5449753e-03   1.0737708e+00  -7.2132872e-01  -1.3840938e+00   5.6438349e-01  -7.2471940e-01   9.8867792e-01
   2.0000000e+00   8.3768360e-01  -1.7667279e+00  -2.8707443e-01   9.7102167e-01   1.1320240e+00   1.4159287e+00  -1.0462669e-01   7.9755519e-01  -6.2490390e-01  -5.8066292e-02
   2.0000000e+00  -1.0392117e+00  -1.9962659e+00   9.4664335e-01  -1.5067475e+00  -1.0649573e-01  -9.0784239e-01   2.7717502e+00  -6.5938315e-01  -1.4412085e+00  -1.5021728e-01
   2.0000000e+00   5.7477738e-01  -1.3327400e-01  -4.9349411e-01   4.2011822e-01   1.5388550e+00  -5.6972287e-01  -1.4665382e-01  -3.4972167e+00  -5.4826579e-01  -6.7944521e-01
   2.0000000e+00  -1.1499685e+00  -6.1268116e-01  -1.7332048e+00   1.0815154e+00  -1.8195430e+00  -1.5573849e-01  -7.7611720e-01  -1.3883670e+00   1.4466508e-01  -3.4222062e-02
   2.0000000e+00   5.6034730e-01   5.0719648e-01   3.4845080e-01  -2.3088725e-01  -9.4972354e-01   1.8259126e+00   6.7846442e-01  -1.5967372e-01   4.7997070e-01   1.3560433e+00
   2.0000000e+00  -7.8226344e-01   1.2930593e+00   1.3962343e+00   1.9772688e+00   7.2768844e-01  -2.1516710e+00  -5.4900953e-01  -1.0305454e+00   2.4928305e-01  -9.6584707e-01
   2.0000000e+00   9.8009014e-01   1.5980030e+00  -8.2923419e-02  -1.3662697e+00  -1.2972098e+00  -2.8606138e-01  -3.4584367e-01   8.2590884e-02  -8.8464844e-01   9.2370244e-01
   2.0000000e+00   7.7621866e-01  -4.3106942e-01  -7.9832374e-01  -3.6327477e-01   1.4054727e+00   1.2064851e+00   6.9717845e-01   3.8465498e-01   2.6173405e+00  -1.9064968e+00
   2.0000000e+00  -3.8524449e-01  -1.3464538e+00   1.1972895e-01  -7.0951943e-01   1.8966914e+00  -3.9847771e-01  -1.1844614e+00  -1.4793671e+00  -8.9941376e-01   1.1885854e+00
   2.0000000e+00  -3.2891552e-01  -4.8166675e-01   2.1614108e+00   3.4903492e-01   1.6544911e+00   1.0206513e+00  -1.0428425e+00  -3.7237465e-01  -4.6277647e-01  -1.1527471e-02
   2.0000000e+00   1.1956977e+00  -1.1507452e+00   1.7033507e+00  -2.5665814e+00  -2.1808049e+00  -2.6861760e-01   9.1286665e-01   3.5478903e-01  -2.1105409e+00  -1.5853739e+00
   2.0000000e+00   5.9051480e-01  -6.5398693e-01  -6.2726552e-01  -5.2301061e-01  -4.6684292e-01  -8.4852806e-02  -1.4558836e+00  -1.3692096e+00  -7.3588520e-01   5.3842266e-01
   2.0000000e+00   7.3647114e-01   2.2118702e-01   4.1844984e-01   9.1640413e-01   1.0507120e+00  -7.8432777e-02   4.7247001e-02  -1.7941307e+00   4.0531302e-01  -7.4231733e-01
   2.0000000e+00  -1.2125877e+00   1.0491314e+00  -6.5078667e-01   1.7170538e+00   1.4456092e+00  -1.3880162e+00  -8.0517939e-01  -1.2898728e-01   1.8038035e+00   6.9219690e-02
   1.0000000e+00  -4.6645173e-01   7.6521470e-01  -1.1575645e+00  -9.4077017e-01   2.0718608e+00   3.5019044e-01  -1.5819011e+00   1.0013644e+00   1.6430205e-01  -8.2450390e-01
   2.0000000e+00  -9.1872388e-01  -1.5761672e+00   8.8116108e-01  -8.0498271e-01  -1.2749458e-01   1.3056161e+00   2.2075431e-01  -5.4189842e-01   1.0672245e+00   7.8042562e-01
   2.0000000e+00   4.3167468e-01  -1.4825577e+00   3.9311703e-01  -9.9826913e-01  -2.2491028e-01   5.0546919e-01   7.7039087e-01  -2.4473272e-01  -5.8779424e-01  -1.5981840e+00
   2.0000000e+00  -3.6214069e-02   3.7656845e-01  -1.8661475e+00  -5.8381956e-01   7.7351418e-01   1.1472871e+00  -7.2864865e-01   1.6807323e+00  -5.1230410e-01   3.6499928e-01
   2.0000000e+00  -1.4211644e+00   1.6298789e+00  -3.5448415e-02  -1.5747007e+00   1.4314050e-02  -1.7588689e+00  -1.0298984e+00   6.2590669e-02   9.0504621e-01   8.2290481e-01
   1.0000000e+00   2.7854131e-01   7.8663369e-01  -1.1375086e+00  -6.4523741e-01   9.7595974e-01   4.5659971e-01  -8.3560403e-01  -4.6069211e-01   1.4812143e+00   7.2596938e-02
   2.0000000e+00   1.6343293e+00  -2.1328367e+00   4.2257719e-01  -2.5247089e-02  -1.9243748e+00  -9.1106219e-01  -2.4168943e+00   1.2375884e+00   8.2731705e-01   1.2357007e+00
   2.0000000e+00   3.2780824e-02  -2.9338058e-01   6.9284259e-01   1.1045531e+00  -5.9747593e-02   1.0568273e+00   2.7507818e-01  -6.4654475e-01   7.0216354e-01  -5.1425464e-01
   2.0000000e+00  -4.7127249e-01  -1.3078332e+00  -2.3967221e-01  -3.4282300e-01  -9.4957100e-01  -2.6991831e-01   9.3213309e-01   1.3648461e+00  -3.9511829e-01  -1.0881101e-01
   2.0000000e+00  -5.7361754e-01   8.7981302e-01   2.4170120e-01  -1.3184820e+00  -1.8311600e-01  -2.0429951e-01  -1.0573155e+00  -1.8812677e+00  -9.8914937e-01  -4.3205347e-01
   2.0000000e+00   1.6195117e-01   1.3294320e+00   8.8973024e-01   1.4794519e+00   3.8365395e-01   2.6539362e-02  -1.0137611e+00   8.4640810e-01   1.5452618e-01   1.5816315e+00
   2.0000000e+00   3.4700744e-01   1.3951948e-01  -1.1798528e-01   1.4869334e+00   4.3612216e-01   2.5633621e-01  -2.9443977e-01  -8.2265439e-01  -7.2851582e-01  -2.1886073e+00
   1.0000000e+00  -5.4885003e-01  -7.4753380e-01  -6.4665708e-01   1.2679076e+00   1.0874015e+00   1.1300448e-01  -1.3400484e+00   1.7931798e-01   1.8366674e+00  -8.2225729e-01
   2.0000000e+00   9.9886531e-01   2.5219756e-01  -1.1512151e+00  -5.3405350e-01  -1.9341398e+00   6.9693546e-01   1.6120882e+00   8.4329888e-01   2.0172344e-01  -9.4295337e-01
   1.0000000e+00   1.6025860e+00   1.3178286e+00  -1.1091704e+00   1.7901649e+00  -1.6038962e+00   7.1893355e-01   1.4323619e+00   1.8563804e+00   1.7271621e+00  -2.7688804e-01
   2.0000000e+00  -3.2111777e-01   1.4973081e+00   2.9376749e-02   3.4837363e-01   1.0561855e+00  -2.4240382e-01  -1.9951937e+00   1.5028277e-01   8.1649479e-01   4.2736631e-01
   2.0000000e+00  -2.4570903e+00   8.6498863e-01  -6.2416351e-01   6.5213808e-01   4.7897757e-01  -1.2639562e-01  -1.2072082e+00   2.2898113e+00  -8.6466950e-01   2.8353669e+00
   2.0000000e+00   5.2716543e-01  -2.2852310e-01   1.2154369e+00  -9.2358580e-01  -1.5686157e+00  -1.3706100e+00   4.6144879e-01  -1.1552993e-01  -1.4671386e+00   4.7027894e-01
   2.0000000e+00   2.1148113e+00  -1.5662396e+00   1.1147611e+00  -1.3827863e+00  -2.5291925e-01  -1.1244943e+00  -2.2829080e-01   3.8371305e-01   1.9495497e-01   2.6580407e-02
   1.0000000e+00   1.1035648e+00   1.3984029e+00  -4.0941443e-01  -9.4661350e-01   1.1985719e-03   4.0257991e-01  -1.5092220e-01  -1.4197326e+00   7.4196568e-01   7.4667287e-01
   2.0000000e+00  -6.8652398e-02   1.7226484e+00  -7.6437610e-02  -8.6844648e-01   1.6765183e+00  -3.2480608e-01   9.8410180e-01  -8.4922346e-01   1.1895975e+00  -1.0106594e+00
   2.0000000e+00   1.3842500e-01  -5.6517334e-01  -9.1097841e-01   2.1315572e+00   1.8690675e+00  -7.3011267e-03   1.0040314e+00   1.6482118e+00   5.2966979e-01   1.8296762e+00
   1.0000000e+00  -2.8332514e-01   7.7820929e-01  -6.2316321e-01  -8.3619760e-01  -1.6257020e+00   6.3948215e-01   1.5462238e+00  -6.6195812e-01  -4.0328170e-02   1.4161102e-01
   2.0000000e+00   4.5784213e-01  -7.2262979e-01  -7.7238406e-01   1.1081645e+00  -8.0726128e-01   1.0849625e+00  -1.2612550e+00   2.6737787e+00  -1.2228092e-01   3.9107798e-02
   2.0000000e+00   6.4557439e-01  -1.4386647e-01  -1.1651624e+00  -7.9926096e-01   4.0135467e-01  -4.9297113e-01   2.1890333e+00  -8.4658390e-01   1.0655451e+00  -8.7645412e-01
   2.0000000e+00   1.1356840e+00   3.3370623e-01  -1.8069901e+00   8.3160495e-01  -8.5945146e-01  -1.0763102e+00  -1.0735191e+00  -6.5437901e-03   8.7028363e-01  -1.1276221e+00
   2.0000000e+00   1.5543890e+00   1.0617529e+00  -9.3326583e-01  -8.5709643e-01  -8.9960942e-01  -4.8621670e-02   5.8157207e-01  -3.2980448e-01  -1.3608149e-01  -6.7491771e-01
   2.0000000e+00   5.8400031e-01   1.2296352e+00   2.1545478e-01   5.4221497e-01  -7.8366480e-01  -2.8194306e-01   2.2229120e-02  -7.4416640e-01  -4.3656451e-01   1.6389869e+00
   2.0000000e+00   1.1084760e+00  -7.8053883e-01  -4.4498323e-02   1.4574641e-01   1.8888494e+00  -2.7702812e-02  -3.5474056e-01   1.3923850e+00  -2.5634784e+00   1.5571963e+00
   2.0000000e+00   1.1278813e+00   1.1583061e-01  -6.5651615e-01   1.1236682e+00  -3.6990009e-01   1.7638814e-01   5.7440983e-01  -1.1683454e-01  -1.3227812e+00  -1.8342941e+00
   2.0000000e+00  -1.3530068e-01   4.3183748e-01  -1.8420374e-01  -3.6375995e-01  -8.8688279e-01  -9.7830876e-01  -7.6969795e-01  -2.6651017e-02   9.7414172e-02   3.3260043e-01
   2.0000000e+00   8.3009399e-01   1.0983041e-01   3.8550940e-01   3.6880132e-01  -2.5913019e-01   1.5988977e+00  -7.3930454e-01   4.4151156e-01  -4.1070098e-01  -1.3110563e+00
   2.0000000e+00   4.5730410e-01   1.0156236e+00  -9.4687360e-01   3.9832778e-01   1.7079165e+00   1.2092632e+00  -7.9632549e-01   6.6001158e-01  -9.1526476e-02   3.5486435e-01
   1.0000000e+00   2.4554338e-02  -7.8865911e-01   5.3300341e-01  -9.6883087e-01  -6.9456424e-01   6.7510817e-03  -8.7313515e-01   9.2272797e-01   8.8478312e-01   4.8241003e-01
   2.0000000e+00   8.1570128e-01  -6.3184193e-01   6.0951652e-01   9.2899514e-01  -2.2388094e-01  -3.1632365e-01  -7.4309993e-01   1.3608421e-01   7.7740096e-01  -5.3970416e-01
   2.0000000e+00   1.1361235e-01  -2.4638035e+00  -3.2815638e-01  -8.5966996e-02  -2.6372811e+00  -9.0187850e-03  -1.0038115e+00   4.5769102e-01   3.2724765e-01   1.3660092e+00
   2.0000000e+00  -1.1043900e+00   2.5690429e-03   1.0084143e+00  -1.8677925e+00  -5.7262468e-01  -7.8247145e-01  -4.6305183e-01   7.3155605e-01   2.8791583e-01   3.7292958e-01
   2.0000000e+00   3.3905520e-01  -2.9036884e-01  -8.6081218e-03   5.2148281e-02   9.2889963e-02   3.2519859e-01  -8.8495459e-02  -1.3009949e+00   2.8801813e-01  -1.1128688e+00
   2.0000000e+00  -1.3692868e+00   3.0387396e-01   1.0444771e+00   6.3325834e-02  -3.3291864e+00  -7.0625621e-01  -4.3142612e-01  -2.3061555e-01   4.7321102e-01   6.6273952e-02
   2.0000000e+00  -6.4249710e-01  -9.0345828e-03  -1.5185100e+00  -6.8006203e-01  -1.2753503e+00   1.5123651e+00   6.3250926e-01  -2.0863866e-01  -1.0736176e-01   9.3314797e-01
   2.0000000e+00   1.1253085e+00   7.8350814e-01  -1.7464834e-01   6.2133202e-01  -2.3830015e-01  -7.7446296e-01   3.1346886e-01  -5.2691908e-01  -1.1252308e+00  -1.3280353e+00
   2.0000000e+00  -1.4980003e+00   2.0308723e-01   8.4615405e-01  -6.1299041e-01   8.1776858e-01  -1.6349544e+00   1.8112600e-01  -1.8359643e-01  -1.8579406e-01   2.5888057e+00
   2.0000000e+00   4.4259776e-01  -2.2133106e-01   1.4355419e+00  -1.0036233e-01   1.5628081e+00   1.1354955e+00  -5.1900560e-01  -1.4150067e+00  -6.4914305e-01  -4.0218742e-01
   2.0000000e+00  -9.0677843e-01   3.1857685e-01  -2.5878627e-01   1.6663311e+00  -3.0227316e-01   2.6677103e+00  -1.6040460e+00   1.7663220e+00   4.3976478e-01  -2.3042068e+00
   1.0000000e+00   1.4030415e-01   1.0642968e+00   1.4459438e+00   8.7011151e-01  -1.1994944e+00   5.4991788e-01  -2.6978690e+00   3.7144871e-01   1.4915723e+00   2.6177216e-01
   2.0000000e+00   1.4516251e+00  -1.1593166e+00  -1.6436033e-01  -1.3573733e+00  -1.0100023e+00  -1.6765677e+00  -1.0561719e+00   1.1362015e-01  -2.2408609e+00   2.1888675e-01
   1.0000000e+00  -1.7788667e+00   9.6874300e-02   5.3923925e-01   3.2930787e-01  -5.2659980e-01   5.1552658e-01   4.5173388e-04  -1.7136120e+00  -6.1643602e-01   5.7900628e-01
   2.0000000e+00  -6.1457484e-01   2.8466806e+00   6.7079705e-01   7.1440997e-01  -9.9389558e-01   4.8594255e-01  -6.8886787e-01   1.2327516e-01   1.0437754e-01  -1.1452096e-01
   1.0000000e+00   7.9766022e-01   3.3541964e-01   9.5898087e-01  -2.7899221e-01  -1.2226661e+00   6.4675784e-01   3.8871470e-01  -3.5230889e-01   1.2623931e+00  -5.5695342e-01
   2.0000000e+00   7.4437812e-01   5.6361473e-02  -9.8432469e-01  -1.0773187e-01   4.3867883e-01  -1.7668911e-01  -1.0336200e+00   4.5440772e-02   2.0815164e-02  -5.9008843e-01
   2.0000000e+00  -3.4949997e-01  -1.4166955e+00  -2.6601617e-01  -5.7173997e-02   6.6056043e-01  -6.9257329e-02   2.5938117e-01   2.4989407e-01  -3.0336907e-01   8.7022943e-01
   2.0000000e+00  -3.6119666e-01  -3.0176209e-03   3.8542210e-01  -1.3702400e+00   9.8597419e-01  -3.4126030e-01  -2.0633197e-01   2.7001433e-01  -1.1680546e+00   1.5656511e-02
   2.0000000e+00   2.0086487e-01   2.2712941e+00   2.1776492e-01   4.9311788e-01   2.1327324e+00  -6.4941149e-01   1.5888080e+00  -1.3026778e+00   1.2674995e+00  -1.3202179e+00
   2.0000000e+00   1.1965667e+00   1.6820986e+00   9.1157878e-01  -8.0771478e-01   7.5516260e-01   1.7059476e+00   2.3006460e-01  -8.9922040e-02  -2.0280725e+00  -4.4159048e-01
   2.0000000e+00   2.4985932e+00   7.7164092e-02  -1.5924452e-01   8.7636801e-01   1.1898635e+00  -1.6649371e-01   1.1639762e+00  -4.5858345e-01  -1.2029769e-01  -3.5081469e-01
   2.0000000e+00  -5.3363994e-01   8.1207308e-01  -2.1872090e-01   4.2231789e-01  -7.0306620e-01  -2.1134102e-01   4.2450382e-01  -5.5587154e-01   9.4274614e-01   3.1780814e-01
   2.0000000e+00  -1.0148025e+00  -1.4408063e+00   4.9687441e-01  -7.6488574e-02   1.2151346e+00  -1.4054417e+00  -7.3540054e-01   1.9688311e+00  -1.2106714e+00   8.2330168e-01
   2.0000000e+00   8.3094541e-02   4.6950278e-01  -5.4207208e-01   1.0406172e-02   2.4022680e+00   1.1774421e+00  -8.4124589e-01   1.0771016e+00   3.8304552e-01  -4.2362619e-01
   2.0000000e+00  -4.7955131e-01   2.6024545e-01   2.5577853e-01  -2.2988131e-01   3.8529311e-01   1.3766104e+00  -2.3485695e+00   2.3589896e+00  -1.2486430e+00  -1.0772466e-01
   2.0000000e+00  -5.3698639e-03  -9.7892856e-02   1.0935288e+00  -1.8290661e+00  -1.7678689e+00  -9.9224455e-01   1.9936886e-01  -4.6277438e-01  -5.4762627e-01  -6.3849021e-01
   2.0000000e+00  -1.6267609e+00  -1.0799606e+00   5.2763500e-01   1.1843071e+00   6.1709261e-01   3.6935788e-01   1.8184699e+00  -5.7368165e-02  -3.2697474e-01   9.8551295e-01
   2.0000000e+00   6.5472316e-01   5.9950330e-02  -6.9477938e-01  -8.7386018e-01  -1.0077396e-01  -6.3080760e-02  -2.8023153e-01   1.7500386e+00   1.2376910e+00   6.7891185e-01
   2.0000000e+00   9.2488994e-01   1.3937502e+00  -4.9191835e-01  -3.3454820e-01   1.0636079e+00   7.1946221e-01  -1.1663141e+00   5.1858148e-01   6.6992104e-01  -1.0940168e+00
   2.0000000e+00   6.7885890e-01  -1.9113232e+00   1.1504333e+00  -1.6325204e+00  -5.2939228e-01  -6.9127532e-01  -7.4428703e-01  -2.8804401e-01   1.8836337e+00  -1.6490871e+00
   2.0000000e+00  -1.5266758e+00  -4.2671240e-01  -1.0729655e+00  -1.1864238e-01  -7.7925237e-01   9.1288542e-01   4.8616155e-01  -2.2136753e+00   1.4493391e+00  -1.8637001e-01
   2.0000000e+00   7.6974785e-01  -3.9765638e-01   7.9691415e-01   1.0391967e+00   1.7530152e-01  -3.9379168e-01   8.9407052e-01   1.4637208e-01  -7.2493716e-01  -1.4879036e+00
   2.0000000e+00   2.3012599e-01   7.5697207e-01  -1.2132368e+00   6.5881551e-02   1.2705178e+00   6.7057718e-01   1.3354167e+00  -2.2514661e-02  -1.0716677e+00   6.8255343e-01
   2.0000000e+00  -2.3042357e-01  -6.6627563e-01  -7.0904155e-01   8.3565305e-01   1.8412640e+00   1.5998234e+00  -1.6031392e+00   1.5706135e+00   1.0217042e-01   6.5293891e-01
   2.0000000e+00   1.2315432e-01  -3.7866114e-01   7.6466190e-01   2.5831119e+00  -1.5030228e+00  -7.6309135e-01  -1.6545306e+00  -4.7917952e-01  -4.8486471e-01  -7.7634314e-01
   2.0000000e+00   9.2057510e-01   1.0545753e+00   9.2252952e-03  -4.9518011e-02  -2.0485024e+00   6.7308933e-02   8.2859611e-01  -2.8056135e-01  -3.1721794e-01   1.3188466e+00
   2.0000000e+00  -2.5013715e-01   1.3666221e+00   1.3821144e+00  -9.3563292e-01   4.3851661e-01   8.2064015e-01   1.5825336e+00  -1.2413649e+00   1.5548868e+00   2.1093008e+00
   2.0000000e+00  -2.8098334e-01  -4.8872135e-01   6.8552988e-01   2.0276374e+00  -7.9343942e-01   1.3513762e-01   7.3022657e-01  -2.3351798e+00  -1.4350303e+00  -1.3074492e+00
   2.0000000e+00   1.8608876e+00   1.1540880e-01   2.1339121e+00   9.0124097e-01   5.2279792e-01  -2.6153132e+00  -4.4948631e-01   2.0548928e+00   9.5513309e-01  -6.0586633e-01
   2.0000000e+00   1.3938335e+00   7.9013293e-01   6.2515184e-01   1.0656946e+00  -2.8795962e-01   9.3347356e-01  -1.6148367e-01   2.3048067e-01   1.2593676e+00  -1.7360990e-01
   1.0000000e+00   3.3931931e-01  -4.1346368e-01  -2.2517742e-01  -7.6783308e-01   2.1149407e+00   4.8944910e-01  -1.6203857e-01   2.4675715e+00  -1.6148208e+00  -2.2297323e-01
   2.0000000e+00   1.3502603e+00   1.1184428e+00  -1.5939666e+00   1.4750769e+00  -9.8207699e-02   1.5634612e+00  -5.6667832e-01   3.6394580e-01  -2.4090693e-01  -1.1931483e+00
   1.0000000e+00   6.3279447e-01  -1.3717093e-01  -1.2072740e+00   7.7969856e-01  -1.2065914e+00   7.2260855e-01  -1.3788524e-01  -3.7464701e-01   9.8743850e-03   3.8212959e-01
   2.0000000e+00  -7.2210284e-01   1.1807585e+00   2.0337458e-03  -5.8628595e-01  -6.8161517e-01  -2.0983975e-01  -1.9331310e-02  -1.7590271e-01   1.1752164e+00   1.1535897e+00
   2.0000000e+00   3.3908819e-01  -9.2213092e-01  -2.5446599e-01  -1.1265086e+00  -5.8055972e-02   2.7447513e-01  -1.1731519e+00   4.0147542e-01   5.4303288e-01   1.0932363e+00
   1.0000000e+00   3.9553699e-01   1.1550631e+00   1.1402654e+00   4.4049917e-01  -1.7739316e-01   3.0944145e-02  -2.1755354e-01   2.9465802e-01   1.4386892e+00   3.2824257e-01
   2.0000000e+00  -8.1694935e-01   5.1248060e-02   2.3016339e+00   3.4229462e-01  -2.0407007e-01  -7.9252706e-01   9.2173348e-01  -1.6592508e+00  -1.5666069e+00  -3.9413220e-01
   2.0000000e+00   1.1289487e+00   1.9276742e-01   4.1585367e-01  -6.6653625e-01   1.6001674e-01   1.7720976e-02  -3.3950040e-03   6.9236344e-01  -2.0473144e+00   2.1294130e+00
   2.0000000e+00  -7.1999668e-01   1.6442439e+00  -4.5442849e-01  -1.7917616e-01   4.6282835e-01   1.1988643e+00  -5.9557840e-01  -5.6362392e-02  -2.1025234e-01   1.2673665e-02
   2.0000000e+00   5.8552746e-01  -1.0495451e+00  -1.9967951e+00   6.0251516e-03   4.9849666e-01  -7.9508759e-02   5.5670724e-01  -1.0679698e+00  -9.8868354e-02   1.0050191e+00
   2.0000000e+00  -1.9812414e+00   9.6909508e-01  -7.1249320e-02  -2.2058480e-01  -3.9816854e-01  -9.3336665e-01  -1.9055836e-01  -1.7015576e-01   5.5579315e-02  -9.3228316e-01
   2.0000000e+00  -1.5277600e+00   8.3345706e-01  -1.3753566e-01  -9.6771396e-01   1.0360586e+00   9.3611683e-01   2.8924056e+00   2.0590060e-02   7.5405587e-02  -7.5475721e-01
   2.0000000e+00  -1.9951872e-01   7.2516553e-01   8.9704024e-01   6.6505448e-01  -5.9135486e-01  -2.8079451e-01   8.9868532e-01   1.0210397e+00   1.3809393e+00  -5.9819660e-02
   2.0000000e+00  -2.8531697e-01  -5.2353065e-01  -5.8499743e-03  -2.8943540e-01   1.2140128e+00   2.8856126e+00  -3.5832721e-01  -7.3459761e-01   7.1477964e-01  -1.1803922e-01
   2.0000000e+00  -1.6405540e-01   2.2512290e-01   7.1337967e-01  -1.1842845e+00   2.4987007e+00   3.1854552e-01  -1.8840115e-01  -5.6111584e-01   9.1836112e-02   9.0182726e-01
   2.0000000e+00   3.5473791e-01  -6.7075906e-01   2.4426670e-01   4.6731870e-01   6.4900812e-01   1.2308604e+00   2.2010539e+00  -3.9563701e-01   7.5337339e-01  -8.0170385e-01
   2.0000000e+00   3.6303299e-01  -1.8032160e+00   7.8521916e-01   1.9550461e+00  -1.5048779e-01  -4.6619999e-01   1.1207025e+00   1.3335348e+00   1.8183542e-01   4.8373253e-01
   2.0000000e+00   2.8784380e+00  -1.1163736e+00  -2.0848926e-01  -1.2245433e-01   1.0412819e+00   8.0879327e-01  -1.8236604e-01   7.9989562e-01  -1.5124788e+00   1.0065572e+00
   2.0000000e+00   2.1977189e-01  -2.1107387e-01  -9.5539815e-01  -1.0795328e+00  -1.3227804e-01   2.6995322e-01   4.8918514e-01  -7.6275330e-01   1.0098992e+00  -1.0794270e+00
   2.0000000e+00  -3.2756546e-01  -3.1134987e+00  -4.2051975e-01  -1.1293138e+00  -2.4248449e-01   1.4116498e+00  -1.1635599e+00  -5.2118461e-02   7.8219576e-01   1.5906844e+00
   2.0000000e+00   6.4517946e-01  -2.3069162e+00  -1.8363761e+00   3.9355118e-01  -2.7246698e-01  -1.5552317e+00  -1.5812584e+00  -9.3077414e-02  -9.1893262e-01  -2.9372180e-01
   2.0000000e+00   1.1824225e+00  -1.0120568e+00   7.5423713e-01  -3.1720157e-01  -1.0476617e+00  -6.7039538e-01   1.2719958e-01  -5.3362562e-01   7.4915666e-02  -5.4019119e-01
   2.0000000e+00   7.7522539e-01  -6.8613427e-01   4.3855429e-01   8.7410267e-01  -6.0257979e-01   6.4627946e-02   4.5329549e-01   2.4154393e+00   1.0070549e+00   1.5063059e+00
   2.0000000e+00  -4.5904815e-02  -1.3634386e-01   1.3327291e+00   8.6987739e-01   1.0796375e-01   1.0105003e+00   1.0753146e+00  -4.5758387e-01  -8.4427689e-01   4.3312718e-01
   2.0000000e+00  -1.0816064e+00  -4.4169052e-01  -2.6151219e-01  -7.6999460e-01   2.0266875e-01   6.8288678e-01   1.0868980e+00   4.7265805e-01  -6.4492110e-02  -7.0211533e-01
   2.0000000e+00   8.0146356e-01  -6.7522967e-01  -4.7087154e-01  -7.6014922e-02  -8.8879912e-01  -1.0043230e-01   1.1133566e+00   1.2850971e+00   4.0745793e-01  -2.8676022e-01
   2.0000000e+00   7.7570625e-01   1.7977709e+00   5.6275945e-01  -8.8993288e-01  -1.1597301e-01  -1.8659134e+00  -1.1875801e+00  -7.7118536e-01   1.3442112e+00   2.3655638e-01
   2.0000000e+00   6.0645711e-01   1.4823945e+00   7.7196650e-01   1.6110688e+00  -1.5419761e+00  -1.6069938e+00  -2.1125635e+00   6.2565370e-01   1.3680621e+00   6.0505532e-01
   2.0000000e+00   6.7816505e-01  -3.3027118e-01  -1.0995592e+00   1.6516701e+00  -9.5134729e-02   2.1666704e+00  -4.7848504e-01  -4.2535127e-01  -1.4679565e-01   3.0591460e-01
   2.0000000e+00  -4.4073652e-01  -1.5741462e-01  -2.5202317e+00   4.0907593e-01   3.7283816e-01  -9.8779469e-01   5.4595331e-01  -1.7910587e+00  -1.1052367e+00   6.7990957e-02
   2.0000000e+00   3.9551904e-01   2.5842036e-01   1.5457199e+00  -1.6361563e+00   2.0384547e-01  -6.9894901e-01  -6.5610545e-01  -1.1176835e+00  -2.3606863e+00  -1.9228511e-02
   2.0000000e+00   4.4380401e-01  -8.2428386e-02   3.3220477e-02   6.8599710e-02   2.0879075e-01  -2.3058727e+00  -1.6014581e+00  -9.6843240e-01   7.0921976e-01   1.2592410e+00
   2.0000000e+00  -1.2294786e+00   3.1112781e-01   2.6400972e-01  -1.0059609e+00  -4.2505740e-01  -1.1858777e+00   1.0600269e+00   2.4102482e+00   1.5861606e-01   9.9515902e-01
   1.0000000e+00   1.3081597e+00   7.6610394e-01  -9.2582023e-01  -5.1997208e-01   8.1613060e-01   6.3928345e-01   2.2572930e-01  -2.1013597e+00  -7.8398178e-01   3.6275694e-01
   2.0000000e+00  -1.8658468e-01  -1.4095681e+00  -1.2423953e+00   7.2928987e-01   3.8953089e-01   6.2136667e-01   4.6695795e-01   2.2284473e-01   2.2368819e+00   9.8595924e-01
   2.0000000e+00   1.5426336e+00   1.2824904e-01   4.9423226e-01   4.8674585e-01  -1.6581897e+00  -1.5098909e-01  -5.0710341e-01  -2.3784522e+00   1.1171696e+00  -1.5827924e-01
   2.0000000e+00   6.3325235e-01  -7.4342913e-01  -1.3284615e+00  -1.6117866e-01  -6.2697083e-01  -5.1510283e-01  -3.3456827e-01  -1.8914954e+00   8.4609406e-01   1.7752714e+00
   2.0000000e+00   2.9193061e-01  -5.5938235e-01   1.3274580e+00  -2.7805423e-01  -9.3086237e-01  -7.6945055e-01   7.0124930e-01  -6.3214951e-01  -9.7671567e-01  -1.0219385e+00
   2.0000000e+00   1.3449715e+00   2.7181070e+00  -3.7628565e-01   1.6712515e+00  -1.6356553e-01   1.5265847e-01  -6.4916376e-01  -3.0734842e-01   9.0922785e-01  -3.0065279e-01
   1.0000000e+00   1.1067787e-01   2.7087702e-01   6.5821229e-01   8.3397141e-01  -3.5830039e-01   8.1978079e-01   6.2768107e-02  -5.5331563e-01   1.5920123e+00   2.9544621e-01
   2.0000000e+00  -4.3110676e-01  -8.0968112e-01  -9.6901391e-01   1.2807869e+00  -4.0700663e-01  -7.2816626e-01  -4.7706587e-01   1.0412449e-01  -1.8104589e+00  -1.4858622e+00
   2.0000000e+00   1.1416477e+00  -6.6616681e-01   2.2146665e-01   1.1459597e+00  -1.3901988e+00  -1.1443727e+00   1.0006161e+00  -9.0281555e-02   1.1068475e+00   1.5539547e+00
   2.0000000e+00  -9.2108450e-01  -1.1374591e+00  -2.8190869e-01  -7.8181334e-01  -2.3768403e+00  -8.6024795e-01  -2.5611311e-03   1.5077926e-01  -4.6511867e-01  -6.2052814e-01
   1.0000000e+00   7.1210810e-01  -7.9604206e-01  -2.1440648e+00  -9.0740499e-01   2.5484867e+00   4.4890687e-01   8.8857180e-01   1.5330317e-01   3.1422913e-01   8.2419970e-02
   2.0000000e+00   9.4308478e-01   2.3124340e-01  -1.1283310e+00   6.1322327e-01  -1.4232431e+00   1.0645459e+00  -4.2956013e-02  -1.0853233e-01   1.4688978e+00  -1.0818222e+00
   2.0000000e+00   1.2978368e+00   5.1336956e-01  -2.8453548e-02   8.9551325e-02   4.4893012e-01  -1.3802813e+00   1.9776465e+00   8.9876106e-01  -6.9936667e-01  -1.6560285e+00
   2.0000000e+00  -9.1962045e-02  -1.1851515e+00   1.1546492e+00   2.6093507e-01   2.1828554e-01   1.3512058e+00   9.9272079e-01   1.3975561e-01   2.8083071e-01  -1.2080702e+00
   2.0000000e+00  -3.2863781e-01  -2.3091398e-01   6.5310322e-01   1.4378083e+00   5.4195698e-01  -2.4155283e-02   1.1730896e-02   1.1579182e+00   9.5106793e-01  -1.6394642e+00
   2.0000000e+00  -1.0030115e+00   1.2838286e-01  -1.8911817e-01  -1.1382428e+00   2.3681023e-01  -1.0270686e+00  -4.9578757e-01  -2.2014824e-01  -7.8025319e-02   1.5830218e+00
   2.0000000e+00   1.8604706e+00   1.0447329e+00   2.7785220e+00  -2.9906198e-01   3.6989198e-02  -3.3591173e-01   1.0034812e-01   2.3747233e+00  -1.4241169e+00  -1.3453994e+00
   2.0000000e+00  -2.1910488e-01  -1.0276124e+00   1.6419228e+00   5.8742394e-01  -8.3682698e-01  -7.3598896e-01  -3.8700273e-01   1.5759571e+00   3.4059954e-01  -5.6743732e-02
   1.0000000e+00   1.0522944e+00   1.6952114e+00  -2.3864017e-01   4.0071251e-01  -4.5883003e-01   4.4470007e-01   5.3746671e-01  -6.6459902e-01  -7.3448937e-01   1.9458366e-01
   2.0000000e+00   5.8071773e-02   1.6190661e+00   2.3863772e-02   5.7476224e-01   2.4650271e-01  -2.8488237e-01  -2.4974347e-01   6.8008749e-01  -3.2743057e-01   3.9105891e-01
   1.0000000e+00   6.7970582e-01   3.8416705e-01  -4.0699181e-01   1.9540867e-02  -7.0308478e-01   8.7802017e-01  -1.4047276e-01   6.4998009e-01  -4.6511416e-01  -5.2676042e-02
   2.0000000e+00  -1.3419409e+00  -3.3506306e-01  -8.2742537e-01   1.7137672e-01  -1.7261121e+00   7.8112558e-01  -1.2700327e+00   1.6322922e+00   9.0389906e-01  -7.0104437e-01
   1.0000000e+00   6.2314817e-01   2.3969874e-01   9.4356679e-01   1.1093755e-01  -1.1467215e+00   3.9004198e-01  -7.3768863e-01  -1.2825995e-01  -2.4634061e+00   2.8859135e-01
   2.0000000e+00  -1.2161395e+00   1.4314358e+00  -2.2672912e-01  -6.5655800e-01  -5.3688707e-01  -1.2245119e+00  -5.0335517e-01  -7.7804233e-01  -1.7145103e+00  -2.6200751e-01
   1.0000000e+00   6.9864567e-01  -9.5359143e-01   1.6128810e+00   1.2909927e+00   3.1292882e-01   3.7916588e-01  -5.2472187e-01  -7.1805122e-01  -2.3633051e+00   3.7926495e-01
   2.0000000e+00  -1.2155644e+00  -2.5263821e+00  -1.6977962e+00  -2.0023129e-01  -1.2473710e-01   1.0996252e+00   8.2238898e-01   1.3697706e+00   5.2686146e-01  -4.3707255e-01
   1.0000000e+00  -1.1214517e+00   2.9995662e-01  -4.8605069e-01   3.4392128e-01  -4.6193389e-01   1.5716886e-01  -4.7415928e-01   5.8373431e-01  -5.2887645e-01   2.2530340e-01
   2.0000000e+00   1.9654984e+00   8.7497219e-01   1.3451359e+00   1.7290993e+00  -6.3943386e-01   6.4482844e-01   1.0711877e+00  -1.4614454e+00  -6.0546215e-01   2.2117725e+00
   2.0000000e+00   2.2733212e-02  -4.3421952e-01   1.0901694e+00  -6.1354846e-01  -4.2071081e-01   1.4205317e+00   8.4529207e-01  -3.2120111e-01  -1.3485400e-01  -8.3811315e-02
   1.0000000e+00  -1.4262704e+00   1.3299400e+00  -1.6384983e+00  -1.1520803e-01  -7.2422638e-01   1.3584560e-01   6.7040229e-01  -3.5077243e-01   8.1676557e-01  -3.5815890e-01
   2.0000000e+00  -8.6499039e-01   6.5151650e-01  -6.3624101e-01  -1.2136605e+00   9.2250764e-01  -5.0248633e-01  -4.4349070e-01   1.0851889e+00  -4.3919905e-01   6.3227590e-01
   2.0000000e+00   8.8221258e-01  -4.0337561e-01  -1.7705722e+00  -3.7697964e-01  -2.6731058e+00  -1.9580927e-01   5.8495360e-01  -9.4655889e-01   8.5133326e-01   2.7563720e-01
   2.0000000e+00  -8.1511026e-01   2.9414920e-01  -1.6890750e+00  -5.3990691e-01   1.9114141e+00   9.0384311e-01   1.3802032e+00  -1.5629172e+00   2.2876768e+00  -6.7666738e-02
   2.0000000e+00  -1.5442043e+00   1.1195661e+00   1.7273056e+00  -3.2050300e-02   3.6604152e-02   1.5078939e+00   9.0361813e-01   4.2493732e-01  -8.1706750e-01  -7.2079750e-01
   2.0000000e+00  -2.4031227e-02  -1.2481466e-01  -9.0120174e-02   3.0001276e-01  -1.1952384e+00  -9.7728726e-01   9.4816967e-01   1.1385334e-01   1.9980293e+00   9.0515599e-01
   2.0000000e+00   1.0205934e+00  -7.4784133e-01  -2.3008944e-01   9.1275324e-02  -2.1288723e+00  -7.9845251e-01  -1.6340467e+00  -2.5740921e+00  -1.8985673e-01   3.1572469e-01
   2.0000000e+00  -1.6159751e-01  -6.9643390e-01  -7.8228753e-01   2.0443158e-01   3.7100657e-01  -6.1694738e-01   9.8192588e-01   4.2345942e-01   1.0957825e+00  -3.9446294e-01
   2.0000000e+00   5.9134547e-01   1.4150547e+00   1.7712923e-01   2.7311549e-02   2.1164393e-02   2.7330363e+00   1.0060303e+00  -3.1341579e-01   1.9918274e+00   3.4802461e-01
   2.0000000e+00   1.3756068e-01  -2.6196964e+00  -3.2872460e-01  -6.5291625e-02   1.0024225e+00  -1.5646124e+00  -1.3796747e-01   9.7400920e-01   7.5500607e-01   1.1363826e-01
   2.0000000e+00   1.3778534e+00   8.6451374e-01  -1.0226130e+00  -5.3265008e-01   2.3432806e-01  -8.9844224e-01  -9.6874900e-03   5.6746932e-01   2.0238279e+00  -7.2733487e-01
   1.0000000e+00   1.6561949e-01  -3.9935766e-01   7.7792918e-01   6.8776188e-01  -4.8790903e-01   6.7666420e-01  -1.2481313e+00   7.7816928e-01   8.5617529e-01  -8.5831468e-02
   2.0000000e+00  -1.3788093e+00   9.1547735e-02   1.5723341e+00   6.4850726e-01   2.0812676e-01  -1.0346904e+00   1.5095318e+00   6.1132601e-01   2.0390689e-01  -1.2999838e-01
   1.0000000e+00   5.3906972e-01   3.7368782e-01  -8.3724528e-01   7.2752903e-01  -6.0982196e-01   1.3943924e-02   6.5475424e-01   4.5833319e-01   1.3971244e+00   3.2002115e-01
   2.0000000e+00  -2.4585190e-01  -8.2617393e-01   1.2799103e+00   5.3784481e-01  -1.7872452e-01  -1.3763688e+00   1.7645821e-01   1.0261748e+00   1.9977307e+00  -9.1278454e-01
   2.0000000e+00   3.3356049e-01   1.7644118e+00  -2.9421080e+00   1.5935528e-02   1.0349935e-01   1.2829418e+00   3.7068745e-01   7.2019335e-01  -8.8809229e-01  -1.7791673e+00
   2.0000000e+00   2.9949414e-01   1.3865132e+00   5.2548624e-01  -5.6690059e-01   1.1747389e+00   1.6331941e-02  -5.3919402e-01  -8.3919766e-01  -2.0721743e+00   1.2077283e+00
   2.0000000e+00  -1.3627705e+00  -1.9929360e-01   7.1063161e-01  -1.8988387e+00   1.7228546e+00  -1.1385104e+00  -6.8899126e-01  -2.9898758e-01   8.3016108e-02  -2.3020082e-01
   2.0000000e+00   7.6369729e-01   1.6439236e+00   6.7401815e-01  -1.0998456e+00  -1.6585546e+00  -5.7923504e-01   3.3766298e-01   1.0956120e+00  -1.0582652e+00   8.7107862e-01
   2.0000000e+00   6.7225207e-01  -2.2757810e-01   7.6376368e-01  -1.8019149e+00   1.1603555e+00   9.2577683e-01  -1.2425614e+00  -6.3641482e-01   2.0387058e+00   2.1956860e-01
   2.0000000e+00  -3.4711104e-01  -2.0683674e-01  -1.6701524e-01  -2.1583341e+00  -1.5573481e-01   1.8686870e+00   6.1724003e-01  -7.2443388e-01   5.2888205e-02   2.2651177e-01
   2.0000000e+00  -1.5006211e-01   6.2784634e-01  -9.9440521e-01  -2.8589490e-01  -2.1047103e+00   1.6453535e+00  -3.7359707e-01  -4.1330210e-01   4.2124994e-01  -2.0280350e+00
   2.0000000e+00  -4.2964202e-01  -1.4690420e+00  -4.9324554e-01   3.1917777e-01  -7.9776750e-01  -9.1661804e-01   4.4288981e-01   3.1304323e-01  -1.0823799e+00   1.8211589e+00
   2.0000000e+00  -3.2299652e-01   1.8996125e+00   2.0594122e+00   9.8281771e-02  -4.0904710e-01   5.0803644e-01  -8.9901752e-01   9.6213431e-01  -3.3934419e-02   1.3188363e+00
   2.0000000e+00   1.4632424e+00  -1.8968586e+00   9.1892339e-01   2.3713299e-03  -1.1169825e+00  -9.1222094e-01   3.7792553e-01   2.7675335e-01   1.2175480e+00   1.5569038e+00
   2.0000000e+00   2.1529210e+00  -9.9559932e-01  -1.3895200e+00   1.6658311e+00  -6.8510880e-01   1.0826287e+00  -1.5043191e+00  -1.2137796e+00   2.2621602e-01   1.5586811e+00
   2.0000000e+00   1.2645241e-01   1.7500584e+00   5.1395226e-01   6.7311791e-01   9.2594826e-01   3.3890055e-01  -2.1730233e-01   1.4584436e+00  -5.1797639e-01  -2.1522291e+00
   1.0000000e+00   1.5319176e+00   9.0955834e-01  -1.6870988e+00   6.8764506e-01   9.3853970e-01   7.1106155e-02  -5.2729421e-01  -4.5264679e-01  -1.5214573e+00   8.0094492e-02
   1.0000000e+00  -4.8968017e-01   1.6223582e+00   1.2771981e+00  -8.9834650e-04  -2.7686302e-01   7.6317997e-01  -7.3186602e-01  -1.7363779e+00  -8.2651238e-01  -3.1051005e-01
   2.0000000e+00   9.8044333e-01   3.2687407e-01  -3.2596440e-01  -1.8875734e+00   1.0332081e+00  -6.8725843e-01  -1.2566313e+00  -2.0502581e-01  -2.7843540e+00   2.6394974e-01
   2.0000000e+00  -4.9911780e-01   8.4946106e-01  -7.8086452e-01  -1.4971183e+00  -1.0777873e+00  -2.4245829e-01  -3.0560976e-01  -2.1480629e-01   4.4341110e-02  -1.3992014e+00
   2.0000000e+00   1.0018600e+00   1.6876467e+00   1.8591366e-01   5.6651327e-01  -8.1459521e-01  -1.0995988e+00   5.8404156e-01  -4.3083905e-01  -6.0994388e-01  -7.4164151e-01
   2.0000000e+00  -3.2620879e-01  -1.1992477e-01  -5.6758988e-01   8.6698500e-02   6.2621535e-01  -2.9453713e-02   1.5013612e+00  -2.3335782e+00   1.2012738e+00   1.5186781e+00
   2.0000000e+00  -4.4450872e-01   1.6821429e-01  -4.7312834e-01   9.8296934e-01  -2.3323265e+00  -1.9324068e+00   2.3810563e-01   1.1434454e+00  -2.1922386e-01   1.7433350e-01
   2.0000000e+00  -1.1040688e+00  -8.4788423e-02  -4.7034200e-02   4.2380731e-01   1.9539191e+00  -2.7015345e-01   1.6486467e+00  -7.2148445e-01   1.6573114e+00   1.9329285e+00
   1.0000000e+00   9.3872475e-02  -4.5407535e-01   2.5839656e-01  -2.4872752e-01   7.2725901e-01   7.2203802e-01   9.8861573e-01   5.7048666e-01   2.6623545e-02   8.5585885e-02
   2.0000000e+00   4.6659726e-01   1.4672984e+00   2.0970847e-01  -1.1399917e+00  -5.9320722e-01  -4.9351867e-01  -6.3400147e-01  -7.6328011e-01   9.1326256e-01  -1.8247817e-01
   2.0000000e+00  -9.3773544e-01   1.2627121e+00   6.6146807e-01   2.6371377e-01   6.7563308e-01  -1.8374279e-01   1.0690457e+00  -1.4967776e+00  -3.3481525e-01  -1.2600025e+00
   2.0000000e+00  -7.3380790e-01  -1.8017605e+00   3.5766812e-01   1.0187282e+00   1.9572813e+00  -6.1290816e-01  -1.1693853e+00   5.1488924e-01   1.0550297e+00  -7.4228651e-02
   1.0000000e+00  -6.7340359e-01  -5.0495132e-01   5.9773873e-01   2.2800213e-01  -3.4421329e-01   5.6135767e-01  -1.6814407e+00   3.9477817e-01   3.3057921e-01   3.3642988e-01
   2.0000000e+00  -3.1336771e-01   7.1336287e-01  -1.8006964e+00   3.7496713e-01  -1.0395772e-01   1.0507860e+00  -1.8780816e-01   2.1060113e+00  -5.6941428e-01  -3.4716963e-01
   2.0000000e+00  -1.3720136e+00  -1.7469037e-01   5.7227458e-01  -4.4901282e-01   4.0351660e-01  -5.0780219e-01   1.4199530e-01   7.6468224e-01   1.0598477e-01  -8.3773976e-01
   1.0000000e+00   6.8748995e-01  -1.0821659e+00   8.8807641e-01  -9.1518158e-02   1.0161687e+00   3.3008710e-01  -7.4040290e-01   8.0436125e-01   5.8764322e-01  -7.9144799e-03
   2.0000000e+00   1.3600787e+00   9.6441575e-01  -9.5606256e-01   1.9021830e-01   9.7174692e-01   6.4795554e-01   6.2050716e-01   5.1158866e-01  -5.2525705e-01   1.9795707e+00
   2.0000000e+00  -1.4410831e+00  -1.5292077e+00  -1.1631863e+00   2.3103507e-01   2.5071924e-01   1.8186069e+00  -1.1577362e-01  -1.3303446e+00   1.2031646e-01   4.0037977e-01
   2.0000000e+00  -3.9068283e-01   4.8506856e-01  -1.4659150e-01  -3.6649184e-02   3.2919496e-01  -8.3014362e-01   1.6816464e+00  -9.1598493e-01  -6.1441096e-01  -1.4306220e+00
   2.0000000e+00  -8.4270373e-01  -1.4587499e+00   7.4890009e-02   9.8612569e-01   9.3699928e-01  -8.8758151e-01   1.6623534e+00   6.5306531e-01   3.1257522e-02   2.1026748e+00
   2.0000000e+00  -3.5319633e-02  -4.1179522e-01   7.8746913e-01   2.4333502e-01  -4.7285742e-01  -1.9193954e+00   2.3252492e+00   4.9546685e-02   9.6782200e-02   6.4512044e-01
   2.0000000e+00  -5.1433424e-01  -5.7894425e-01   9.0149730e-02   1.5663241e+00  -1.5449827e+00   1.1818811e+00  -2.4066575e-01   1.7208281e+00   1.3896329e+00  -4.8585890e-01
   2.0000000e+00  -6.2413714e-01   1.8949440e-01  -1.0354461e+00   5.8616277e-01   5.1862029e-01  -5.9103252e-01  -1.0766368e+00   6.2225234e-01  -1.0519588e+00  -4.3641461e-01
   2.0000000e+00  -9.5519864e-01   2.6807935e-01  -5.3182927e-01   3.0979709e-01   6.0289140e-01  -7.1626968e-01   3.8258906e-01  -1.3157906e+00  -9.4357901e-02   1.1779101e+00
   1.0000000e+00  -8.9715130e-01  -1.3323819e+00   5.7695622e-01   9.0652292e-01   1.1710552e+00   7.0307661e-01   1.3522555e+00  -6.8852544e-01  -9.3688802e-01   2.8001013e-02
   2.0000000e+00  -4.8039532e-01   2.8607938e+00  -7.4971325e-01   2.4648189e-01   1.4620488e+00   1.3448975e+00   3.1535009e-01   1.1136292e-01   1.9199087e+00   1.7123746e+00
   2.0000000e+00   1.3756417e-01   1.0091815e+00   3.4342724e-01  -2.2390120e+00  -2.5962050e-02   1.8640700e+00   1.0155942e+00   1.6180886e-01  -7.0256027e-02   2.4829547e+00
   2.0000000e+00  -1.5037253e+00  -7.2004468e-01   1.9051495e+00   1.3012118e+00  -1.3733125e+00  -4.8972159e-02   1.0533941e-02   5.3086442e-01   1.3534323e+00   9.3137217e-01
   2.0000000e+00   1.0119228e+00   1.2305976e+00  -2.5203662e-01  -5.2499943e-01  -1.4375509e+00  -2.6578184e-01   2.1041716e+00  -4.5868098e-02   4.1162818e-01   2.8597451e-01
   2.0000000e+00  -5.5465696e-01   1.2991147e+00  -6.7632994e-01   7.7360328e-01   2.4427677e-01  -3.7503317e-01   1.1329571e+00  -5.4329245e-01  -2.4320729e+00   1.0934437e+00
   2.0000000e+00  -5.8945033e-01   1.9035417e+00  -1.5028914e+00   9.1023873e-01  -6.6267661e-01  -1.8130257e+00   1.0677068e+00   1.8835938e+00   7.6541750e-01   8.4137053e-01
   1.0000000e+00   1.1275456e+00   2.6820400e-01   2.0524900e-01  -1.6436513e+00  -7.1764248e-01   4.7624908e-01   2.2225088e-01  -1.4367202e+00   3.8261405e+00  -3.9065191e-01
   2.0000000e+00  -4.1224650e-01   7.1629955e-01  -6.7299717e-01   8.3206450e-01   3.7301702e-01   1.2537377e+00  -2.3956511e-01   1.1670907e+00  -4.1911637e-02   1.4067852e+00
   2.0000000e+00   9.8988736e-01   1.3648057e+00  -5.0086594e-01   5.5147259e-02   2.8372142e-01  -1.1140696e-01  -7.2177604e-01   4.4052526e-01   3.8933195e-01   4.0914063e-01
   2.0000000e+00  -8.8707616e-01   2.2911970e-01  -4.0121644e-01   5.6657102e-01  -9.2769233e-01   1.0555759e+00  -9.2856664e-01  -4.8303644e-01  -6.0442644e-02   1.2369694e+00
   2.0000000e+00  -2.6370731e-01  -1.1449485e+00   1.9873186e+00   9.5938687e-01   5.0419200e-01  -8.8866432e-02  -9.8902370e-01   1.6098929e+00   7.7329362e-01   5.9141762e-01
   1.0000000e+00  -6.9339281e-01  -1.0397775e+00  -3.7463117e-01  -5.6069606e-01   4.8863519e-01   4.4718387e-02  -5.3556795e-01   1.1673722e+00   7.0140437e-01   5.9699966e-01
   1.0000000e+00  -2.0063262e+00  -6.8255744e-01   1.0104890e-02  -5.8580835e-01   9.4096669e-01   9.1922063e-03   9.6679582e-01   2.1452554e+00  -9.4630321e-01  -4.4629782e-01
