   2.0000000e+00  -2.0107087e-01  -1.2706733e+00  -1.6099820e+00   8.0194179e-01   1.5049728e+00   7.8530369e-01   2.0123423e-01   1.8771208e+00  -2.9435503e-01  -6.1375648e-01
   1.0000000e+00   4.5789449e-01   4.8110777e-01   3.4203846e-01  -1.8802853e-01  -6.8014502e-01  -1.6388190e+00   3.7786315e-01   1.5444754e+00  -2.7617808e-01  -3.1332446e+00
   2.0000000e+00   6.1312241e-01  -8.4879666e-01   6.6093493e-01  -1.6464834e-01   1.5231043e+00  -6.3054509e-01   4.3845076e-01   7.0449154e-01  -7.0670072e-01   1.3390473e+00
   2.0000000e+00   1.2149761e+00   7.7310497e-01  -7.7635564e-01  -1.6474242e+00   2.0528560e+00   2.2411501e-01   1.1388117e+00  -2.1411820e+00  -1.2101535e+00  -3.3393072e-01
   2.0000000e+00   4.7467352e-01  -2.1903597e-01  -3.6826174e-01   3.0414761e-01  -1.3311528e+00  -4.3719590e-01  -9.3552499e-01  -9.1252191e-01   5.7501748e-01  -2.7131434e-01
   2.0000000e+00   4.9096304e-01  -6.0060567e-01   1.5598604e+00   1.0585405e+00   6.9063650e-01  -1.0151894e-01   2.1090441e-01  -1.2955434e+00   1.6131375e-01   8.5527401e-01
   2.0000000e+00   2.2049887e+00  -8.9073546e-01  -1.8815695e-01  -6.2191221e-01   1.1963885e-01   7.2399096e-01   8.3068275e-02  -1.6776267e-01  -2.3530772e+00  -1.6469170e+00
   2.0000000e+00  -5.1550998e-01  -5.1797413e-01   2.1689627e+00  -2.3908516e-01   1.6620272e-01  -2.1392368e-01  -8.3517030e-01  -5.7535468e-01   1.1492649e-01   5.6017875e-01
   2.0000000e+00   6.2989142e-01  -1.8989046e+00  -2.6655684e-02   6.7664589e-02  -5.1441512e-01   5.1437541e-01   4.2480253e-01  -1.9103423e+00   1.3999744e+00  -2.6058602e-01
   2.0000000e+00   6.2590358e-01  -1.0358925e+00   1.1989047e+00  -7.9034394e-01  -2.3603864e-01  -6.8984725e-01   1.9566352e-01   1.0532164e+00  -4.6433675e-01  -5.1621690e-01
   2.0000000e+00   4.2081020e-01  -8.8276758e-01   5.8810160e-01  -1.7241040e+00   1.1798116e+00   2.0464016e+00  -1.2495302e+00  -1.4454333e+00  -1.0288966e+00  -5.5543193e-01
   1.0000000e+00  -5.8466595e-01  -2.0825972e-01   6.5687147e-01   2.7148985e-01  -9.0868149e-01  -9.2181400e-01   8.4878012e-02   4.3737998e-01   3.9050010e-01  -1.9997979e-01
   2.0000000e+00   1.2157604e+00   2.8624902e-01  -1.1715691e+00  -2.1820501e-01   4.3649975e-01   1.5624566e+00   4.0573234e-01   4.1673689e-02  -1.3884037e+00  -9.4622451e-01
   2.0000000e+00  -2.0557946e-01   1.5478399e+00   3.1192521e-01   1.8534170e-01   9.1880667e-01  -9.3655020e-01  -3.6864837e-01   1.3950988e+00   1.2413698e+00  -8.6207597e-01
   2.0000000e+00   9.2018799e-01   5.4638223e-01   2.3420085e+00   1.2476900e+00   8.4542379e-03  -1.0736112e+00  -5.3557429e-01  -9.5218664e-01  -1.1464469e+00  -5.9905794e-02
   2.0000000e+00   2.5416840e-01  -1.4225038e+00   3.1497039e-02  -3.6173944e-01   7.4888096e-01   6.4557823e-01   1.2217327e+00  -1.8133525e+00  -2.1864401e+00  -1.1224947e+00
   2.0000000e+00   1.0192843e+00  -1.1644860e+00   9.2740926e-02  -1.4783054e+00  -3.1918342e-02  -2.6156543e+00   7.3031556e-02   1.8880697e+00  -4.9955334e-01  -4.5415574e-01
   2.0000000e+00   2.9920191e-01  -2.7842108e-01  -7.6236537e-01   3.3188947e-01   1.1495285e-01   3.3587204e-01  -1.2423842e+00  -1.1281842e+00   1.0845986e+00  -1.4341206e+00
   2.0000000e+00   3.0796306e-01   1.0897123e+00   1.0240664e-01   9.5042169e-01  -7.0290767e-01  -3.4319909e-01   1.1652894e+00   6.2610323e-01   5.6662517e-02   2.4520950e-02
   2.0000000e+00   3.5284301e-01  -5.1182979e-01  -1.9476602e+00   3.3888098e-02   1.5242663e+00  -3.5591523e-02   1.4022502e+00   7.1098847e-01   9.7258195e-01   1.3231119e+00
   2.0000000e+00  -1.2965004e+00  -5.4905554e-02  -1.1673984e+00  -2.4680828e+00  -2.1064923e+00   6.7387634e-01   3.1987931e-01  -2.3173267e+00  -7.3787363e-01  -1.8764442e+00
   2.0000000e+00  -7.8869072e-01  -1.8009438e-01  -3.0725833e-01  -1.8677192e+00   8.3015429e-01   1.1249122e+00  -5.3139969e-01  -2.9035876e-01  -5.6536904e-01  -8.5388671e-01
   2.0000000e+00  -9.0281920e-01   8.9929240e-01   1.1637053e+00   9.1269508e-01  -1.4915667e-01   1.0238840e+00   2.0259114e+00  -1.3281979e+00  -3.9840339e-02  -3.5024705e-01
   2.0000000e+00   2.7348864e-01   4.2902764e-01  -1.2024422e+00   2.5598058e-02  -1.9462264e-01  -1.0418114e+00   2.8079186e-02   6.1181195e-01   2.9983335e-01   1.2616922e+00
   2.0000000e+00  -7.6537262e-01   1.1572167e+00   1.0273565e+00  -4.3903014e-01  -6.2462589e-02   7.2399205e-02  -1.1528677e+00  -6.6498650e-01   3.3275179e-01   1.1212874e+00
   2.0000000e+00   9.2809866e-01   8.9593994e-01  -2.2318071e+00   4.7155453e-01  -4.6274301e-03   8.8400407e-02  -7.5616078e-01  -1.6092131e-01   6.8154112e-02   2.1194018e-01
   2.0000000e+00   2.7326379e-01  -2.1931381e+00   8.8450844e-01  -8.5732598e-01  -2.8449114e-01   6.1660229e-01  -4.2037226e-01   1.6957598e-01   1.3054605e-01   5.1584383e-01
   2.0000000e+00   3.8691294e-01   1.0351346e+00   1.1017485e+00   3.0847354e-01  -5.1155977e-01   1.9696339e-01   4.3368037e-01  -3.2926703e-01  -2.5128434e-01  -1.5807832e-01
   2.0000000e+00  -1.0249098e+00  -1.1014926e+00   8.8259793e-01   3.8580960e-01  -3.9906647e-01  -7.9158700e-01  -2.4710586e-01  -2.3193122e-01   2.7862436e-01   1.9950315e+00
   2.0000000e+00  -2.9050237e-01   4.0986372e-02  -1.6072319e+00  -4.2526854e-01  -1.2065128e+00  -1.6732270e+00   5.7036457e-01   2.3167488e-01  -8.9368732e-01  -1.9671494e+00
   2.0000000e+00  -7.9040970e-01   1.6197929e-01  -1.0616794e+00  -7.1134125e-02  -5.6197966e-01   2.2689092e-01   2.8922798e-01  -1.3423223e+00   1.2386453e-01  -3.4395184e-01
   2.0000000e+00  -1.1265246e+00   3.9102445e-01  -1.1307599e-01  -4.0423952e-01   4.9700338e-01   5.2095817e-01  -2.4814976e-01   1.4057961e+00   1.2447420e+00   1.9719379e+00
   2.0000000e+00   7.1100496e-01   2.0582058e+00  -1.7883200e+00   1.5765508e-01   6.7033765e-01  -5.5619941e-01  -3.2316773e-01   9.5848956e-01   2.1250720e-01  -1.7598967e+00
   2.0000000e+00   8.2016014e-01   6.1016844e-01   1.8298128e+00  -5.0777704e-01  -6.6363489e-01   5.1922150e-01   1.4553737e-01  -2.4695859e-01  -2.2184878e+00   2.3381485e+00
   2.0000000e+00  -5.4486823e-01   3.0475650e-01   1.5942253e+00   8.9429226e-01  -5.8432123e-01   2.3537438e-01  -2.1913985e-01   4.8831983e-01   4.7731628e-01  -5.7730419e-01
   2.0000000e+00   6.1820415e-01   3.5158461e-01  -1.3103591e+00  -4.8339814e-01   1.2260806e+00  -4.9060887e-01  -1.5774783e+00   1.0231161e+00  -8.5082408e-01   3.9097785e-01
   2.0000000e+00   6.7482235e-01  -4.2964601e-02   1.6678327e+00  -2.7663171e-02  -1.2811026e+00   7.7523095e-01  -2.3963105e-01   9.0328056e-01   7.5917922e-01   1.5272695e-01
   2.0000000e+00  -1.6210438e+00  -5.1506934e-01   1.0915016e+00  -5.9732534e-01   6.7510213e-01   2.8099547e+00   3.5163050e-01   2.0408290e+00   1.3706524e+00   2.6567063e-01
   1.0000000e+00   1.2500701e+00   3.0759292e-01   1.0304033e-01   1.0483726e+00  -1.1095723e+00   6.3155181e-01  -3.1537186e-02  -5.3470029e-01  -1.0206849e+00   2.2852159e-01
   2.0000000e+00  -1.0846632e+00   7.8642403e-01   1.2169447e+00   3.2325331e-01  -6.3874078e-01  -1.3151877e+00  -8.2586673e-01  -9.3182419e-01   2.9990030e-01   2.4372235e-01
   2.0000000e+00  -4.0736637e-01  -1.2688667e+00   2.8887589e-01   9.8693758e-01   7.3225960e-01   8.5856434e-01  -1.3653951e+00   6.2852872e-01  -2.7504128e-02  -4.4519194e-01
   2.0000000e+00  -1.5801806e+00  -1.5031265e+00  -4.2513463e-01  -1.4225701e+00   2.9367503e-01   9.7695725e-01   3.5388089e-01   4.4792001e-02  -1.9824292e-01  -1.9842681e+00
   2.0000000e+00  -1.4335866e+00   1.0053520e+00   1.0866307e+00  -1.0488690e+00   1.0257009e+00  -8.1755078e-01   3.7176031e-01  -3.0791064e-01   3.4360170e-01  -1.6794221e-01
   2.0000000e+00   9.3398881e-01  -5.4669403e-01   1.4283603e+00  -1.4530740e-01  -1.7280275e-02  -4.1010130e-01  -5.7478958e-01   1.2947053e+00   1.3720134e+00  -4.0031869e-01
   2.0000000e+00   5.0844904e-01  -5.5287502e-02  -6.5975172e-01  -2.3718282e-01   2.6765473e-02   1.5357221e+00  -1.0511744e+00  -3.6509804e-01   6.9512934e-03   6.4214446e-01
   2.0000000e+00  -1.9168450e+00   3.4481232e-01  -1.0932590e+00  -1.7577133e-01   1.0389884e+00   1.1216875e-01  -2.7725422e-01   1.2768051e+00  -1.1083232e+00   2.9099328e-01
   2.0000000e+00  -3.1051720e-01  -1.7173619e+00  -5.9674540e-01  -1.3557156e+00  -1.2873444e+00  -7.7533297e-01  -1.1976462e-01   1.5202855e+00  -1.0224173e+00  -7.8743082e-01
   1.0000000e+00   2.0879869e-02   4.1781418e-01   4.4922989e-01   9.5346141e-01   1.8036257e+00  -3.2436133e-01   9.3363983e-01   9.7305751e-01   7.9303730e-01   5.0390115e-01
   2.0000000e+00  -6.0277455e-01  -3.3560190e-01   1.7933116e+00  -1.7471518e-01   9.6739120e-01   2.3711835e-01   1.1333751e+00  -1.6915610e-01  -3.7585643e-01   7.5124980e-01
   2.0000000e+00   2.0373581e+00   2.4649937e+00   2.4709636e-01   1.5532543e+00   2.1114285e+00   1.1478964e+00  -1.5275268e+00   1.7022785e+00   7.0812345e-01  -6.4176536e-01
   2.0000000e+00  -1.4444195e+00   3.2012898e-01  -2.6657529e-02  -6.3344191e-01  -8.8421803e-01  -6.7911091e-01   2.2071187e-01   1.3120389e+00  -5.0190764e-01   4.2644356e-01
   2.0000000e+00  -9.2888684e-01   1.3626427e+00  -8.8189723e-01  -2.1467060e+00  -1.0395163e+00   5.7644826e-01   5.8505147e-01  -1.9451242e+00  -1.0660425e+00   1.5443110e-01
   2.0000000e+00   1.1111630e+00   1.2173955e+00   5.1933530e-01   2.4463838e-01  -2.3377444e-01   5.6568465e-01   1.1125507e+00  -3.7501405e-01   1.3717400e-01   6.9276378e-01
   2.0000000e+00  -3.2705361e+00   5.9847823e-01   2.0957836e+00   3.3203996e-01   1.2801466e+00   3.9596208e-01  -4.8749312e-01   3.8177642e-01  -1.9554784e+00  -1.1210377e+00
   2.0000000e+00   2.3281179e+00  -4.0312411e-01   8.0824744e-01  -7.9416990e-01   8.0170498e-01  -5.3335839e-01  -1.5474560e+00  -1.0566935e+00  -1.2320823e+00   1.0029184e-01
   2.0000000e+00  -1.7208616e+00   7.6835095e-01  -5.4688279e-01  -2.7783200e-01  -3.6040121e-01  -7.9105840e-01   1.3378802e+00  -3.3523036e-01  -1.1959764e+00  -1.6338183e+00
   2.0000000e+00  -1.4989692e+00   8.9676797e-01  -4.1721527e-01  -5.9202072e-01   4.6397256e-01   1.1011193e+00  -2.7843049e-02   1.6310216e-01   6.9405129e-01  -2.7510434e-01
   2.0000000e+00   1.8860941e+00  -2.7492696e-02  -6.4567254e-01  -7.3699002e-01   5.4536309e-02   1.0803030e+00   8.3494608e-01  -1.4766520e+00   2.6693019e-01   5.2466134e-01
   2.0000000e+00   1.4828319e-01   7.0890486e-01   1.4293315e+00  -2.8666157e-01  -1.6564793e+00  -5.1800223e-01   6.9962655e-01   4.1778168e-02  -7.1263746e-01  -1.5394624e-01
   2.0000000e+00  -7.4555614e-01   1.0851733e+00  -9.1480938e-01   8.3423514e-01   1.2344449e+00  -1.0612369e+00  -8.3608828e-01   2.2543760e-01  -2.1159063e+00  -7.4588177e-01
   2.0000000e+00   8.8516804e-02  -9.1959832e-02  -1.4757930e+00  -1.3798141e+00  -1.8249198e+00  -4.1395088e-01  -6.1608145e-01   2.9760206e+00  -3.6825761e-01   1.4984657e+00
   2.0000000e+00  -4.5065065e-01  -2.4989775e-01  -9.4291266e-01  -1.1294014e-01   9.6940175e-01   2.4482612e-01   7.5799300e-01  -8.3253245e-03   1.1447640e+00  -5.7331343e-02
   2.0000000e+00   2.4162531e-02   2.4573620e+00   1.1402980e+00  -5.6796660e-01  -2.2140706e+00  -5.3785048e-01   1.5427374e-01   1.1880329e-01  -9.2849167e-01  -4.4444452e-01
   2.0000000e+00  -1.2581233e+00   1.8863517e-01  -9.7181370e-02   4.0571818e-01  -2.5378669e+00  -1.6094139e+00   4.5542027e-01  -1.3973683e-01   1.0309564e+00  -2.1431509e+00
   2.0000000e+00   6.8942106e-02  -9.0637031e-01   2.3426265e-01   2.6629906e-01   5.7407748e-01  -7.3187121e-02   2.1467998e-01   9.3594593e-01   2.0175144e+00  -1.4590579e+00
   2.0000000e+00   1.4216590e+00  -1.2838598e+00  -1.6589769e+00   1.3078155e+00  -6.0538918e-01  -8.1460713e-01  -9.7948031e-01   8.2427155e-01  -8.5381370e-01  -9.7767741e-02
   2.0000000e+00  -6.4208110e-01  -3.7263436e-01   2.6556070e+00   1.0659743e+00   1.8343308e-01  -5.4928724e-01   4.8692302e-01   8.3387501e-02   1.5508443e+00  -6.5841386e-01
   1.0000000e+00   1.2944335e+00  -2.9885965e-01   7.6630612e-01  -6.4970216e-01   9.1625810e-01   8.0574814e-01   1.0451305e+00  -9.4671044e-01   3.6113078e-01  -2.0687061e+00
   2.0000000e+00   5.3303188e-01  -1.0238899e+00   7.0587514e-01   7.2331292e-01  -8.2980870e-02   7.3945506e-01   1.2117931e+00  -2.5437627e-01  -5.0235077e-01  -1.3924569e+00
   1.0000000e+00   5.3252544e-01  -3.8269594e-01   1.3755527e-01  -3.4323178e-02  -3.3555926e-01  -7.4731916e-01   3.7013569e-01  -2.9326999e-01   8.6787803e-01   5.0162205e-02
   2.0000000e+00  -1.4304349e+00  -6.7547120e-01  -3.5707166e-01  -4.4031917e-01  -2.1311134e-01  -3.3748096e-01   7.6278811e-01   4.9586161e-01  -9.4580084e-01   9.5939245e-01
   2.0000000e+00  -7.2403539e-02   7.7568114e-01  -6.5094934e-02   1.6837904e-01  -6.8687354e-01  -7.8089500e-02   1.0993074e+00  -3.3814100e-02  -3.0334400e-01  -5.8546059e-01
   2.0000000e+00   1.2548585e+00   8.5074339e-01  -1.6113150e+00   5.1756490e-01  -1.2580025e+00  -1.1914798e+00  -3.4481278e-01   1.6185022e-01  -4.4554915e-01  -1.7098323e+00
   2.0000000e+00  -1.0732985e+00   1.1505288e+00   1.0596914e+00  -1.7162010e-01   4.6904695e-01  -9.1522980e-01  -1.5638757e+00  -1.4086117e+00   4.9233040e-01  -2.0669408e+00
   1.0000000e+00   4.6046047e-01   4.8424333e-01   3.6539646e-01  -7.0551039e-01  -6.5665584e-01  -5.6869342e-01  -3.9387638e-01   1.3591610e+00   4.3432474e-01   1.5507256e+00
   1.0000000e+00  -2.5669231e-01   5.3725354e-02   2.7585370e-01   6.8806224e-02   2.0623752e+00  -6.2516284e-01  -5.0387208e-01   9.8175057e-01   1.1389809e+00   1.5548096e+00
   1.0000000e+00   4.3385622e-01  -4.4099035e-01   4.0257255e-01   1.1416862e+00   1.7437907e-01   9.1566596e-01  -1.5551416e-01  -6.4567956e-01  -1.0302678e+00  -9.7963574e-01
   2.0000000e+00  -5.3512138e-01  -8.7967612e-01  -1.8562442e+00   6.9175837e-01   4.9605090e-01   6.1541456e-02   4.6506215e-01  -5.9081001e-01  -7.8077173e-01   1.9757370e+00
   2.0000000e+00  -7.2118033e-01   6.7950221e-01  -1.5969573e-01  -1.0839565e+00  -3.7470435e-01  -2.2884091e-01  -1.1894033e+00   1.1192056e+00  -1.7153097e+00  -1.3591550e+00
   2.0000000e+00  -2.9315738e-01  -1.5888068e-01  -1.0924006e+00   5.3303297e-01   1.2813364e+00  -8.6981636e-02   3.2857501e-01  -1.0597665e+00   1.4999657e+00  -6.6844317e-01
   2.0000000e+00  -3.0430517e-01  -1.7101477e+00  -1.1321371e+00   2.1206944e-01  -6.7201242e-01  -4.3191533e-02  -1.8291472e-01   6.0579396e-02  -1.1421675e+00  -5.8919896e-01
   1.0000000e+00  -7.9076213e-01   4.7399478e-01   1.2568685e-01   2.6317841e-02   5.5846599e-01  -7.3542876e-01   2.2058956e+00   5.6355922e-02  -1.4191898e+00   6.0814682e-01
   1.0000000e+00   1.0965588e+00   4.8120304e-01   5.4500300e-01  -1.1534953e+00  -3.0245448e-01  -1.2375972e+00  -4.8700358e-02   4.7374762e-01  -7.6382539e-01   1.0931824e+00
   2.0000000e+00  -9.5718429e-01  -1.7083436e+00  -9.2807135e-01   9.9906696e-02   1.2024832e+00  -5.9504124e-02  -1.7556076e+00   1.5881453e+00  -2.3069301e-01   3.8516155e-01
   2.0000000e+00   3.8643120e-01  -1.0028314e+00   4.6978564e-04   1.8294862e-02   1.2876949e+00   3.3520508e-01   7.0278246e-01   3.2204371e-01   9.8072731e-01  -1.9743839e-01
   2.0000000e+00   8.1472464e-01   2.3622024e+00  -1.5155598e+00   9.5463214e-01   1.0594111e+00  -2.7911225e+00  -1.4855631e-01   5.5022029e-02  -2.3256171e-01  -3.7882381e-01
   2.0000000e+00  -1.0155906e+00  -1.3247494e+00  -1.3558717e-02   2.6376570e-01  -8.5725532e-01   7.6356097e-02   6.9163127e-01  -5.0834981e-01   5.0106067e-01  -2.1000003e+00
   2.0000000e+00   4.9081773e-01   7.4017457e-01  -4.1666410e-01  -2.5089106e-02   2.7460711e-01  -2.0019661e-01   1.7198764e-01  -2.7011334e+00  -5.2409199e-01  -7.2019941e-01
   1.0000000e+00  -6.6257436e-01  -3.4385582e-01   1.3367567e-01  -9.7670182e-01   1.3316033e+00  -7.9155296e-01   5.8667917e-01  -5.0311117e-01  -4.9382662e-01   1.6814039e+00
   2.0000000e+00  -7.3606484e-01   1.9023335e-01   1.2515454e+00   2.6023703e-01   5.5523397e-01   1.1357756e+00  -6.6154466e-01  -4.4419359e-02  -6.2355391e-01   3.8444425e-01
   1.0000000e+00  -2.9963900e-01  -6.9734848e-01   1.4293267e-01   5.8744132e-01   1.6747151e-01  -5.5673617e-01  -5.8549460e-01   7.4751296e-01   1.2725171e+00   1.3637155e+00
   2.0000000e+00  -2.5626187e-01   1.6647996e+00  -1.7661674e+00   2.6258834e-01   2.4641259e-01  -1.4013113e+00   1.0375653e+00  -3.1120075e-01  -1.5033212e-01   6.8548499e-01
   2.0000000e+00  -2.1893210e+00   1.5244043e-01   1.2185900e+00   9.3834105e-01   1.7181297e+00   4.8919044e-01  -8.0789416e-01   1.9412155e+00   4.5280802e-01  -2.0238257e-01
   2.0000000e+00  -1.3030338e+00   1.5995670e+00   9.6279154e-01  -6.4326317e-01   3.1985305e-01  -9.2570690e-01  -8.4205174e-01   2.5719732e-01  -3.0539303e-01  -9.0666735e-01
   2.0000000e+00   1.8678108e+00  -1.0508658e+00   8.2219282e-02  -1.3389724e+00   5.0227389e-01   7.3452463e-01  -6.0868067e-01  -3.7326963e-01   2.0085690e+00   2.4597029e-01
   2.0000000e+00   1.5697977e+00  -2.4124623e-01   1.1703109e+00   1.0147835e-01   2.3913675e+00   1.3059112e+00   2.1968410e-01   4.7408812e-01   5.2665307e-01  -9.4956595e-01
   2.0000000e+00  -4.9274968e-01   5.0747347e-01   9.1145147e-01  -1.1918270e+00   1.1463280e+00  -1.4497852e-02  -6.0669611e-01   4.4313311e-01  -1.5395105e-01  -6.2345374e-01
   2.0000000e+00  -4.5280557e-01   1.9291189e+00  -6.2098338e-01   1.0767953e+00  -2.8042444e-01   7.3621191e-01   1.0849576e+00   9.1818849e-01  -6.6878881e-01   2.9525389e+00
   2.0000000e+00   5.3873157e-01   5.7774982e-01   1.0943037e+00  -1.2428980e+00  -4.5655875e-01   1.7975279e+00   3.9125888e-01  -1.4004938e+00  -1.0131872e+00   7.3043933e-01
   1.0000000e+00  -5.4282367e-01  -2.8219428e-01   5.8027195e-01  -5.3940025e-01   3.6709981e-01  -7.8351925e-01  -1.6176013e+00  -1.1896178e+00   1.4703037e+00   2.5508042e+00
   2.0000000e+00   1.0130307e+00  -6.6976071e-01  -1.6462196e-01  -6.8535177e-01  -1.0614928e+00   3.7845674e-01  -2.7253053e-02   7.3852691e-01   4.0559570e-01   1.0305299e+00
   1.0000000e+00   2.3616906e-01   1.7554099e-01   2.3130463e-01  -4.5495266e-01   7.1065832e-01   3.6207122e-01   4.2060178e-01  -1.1516281e+00  -2.8868109e+00  -3.0405764e-01
   2.0000000e+00   1.4999111e+00  -8.4495108e-01  -1.2829852e+00  -5.3616712e-01  -7.5562645e-01  -8.2064781e-01   3.1578829e-02  -1.2802523e+00   1.5358068e+00   1.3097956e+00
   2.0000000e+00   1.4655345e-01  -9.0066749e-01  -2.5066787e-01  -1.3514104e-01  -4.8220786e-01  -1.3311481e-01   8.4131391e-02   5.6219091e-01   1.4165600e+00   3.7067872e-01
   2.0000000e+00   9.1340643e-01  -9.7566055e-01   9.8959032e-01   8.0902108e-01   4.2779918e-01  -4.1232658e-01   1.6349075e+00   2.9044030e-01   5.0631295e-01  -1.7136415e-01
   1.0000000e+00  -4.9085965e-01  -6.0083769e-01   3.8788845e-01  -8.8498226e-01  -1.2389265e+00  -8.1877865e-01   2.1157414e+00   1.3670736e+00  -5.0274697e-01   1.7350428e+00
   2.0000000e+00   8.3087231e-01   1.1048011e+00  -1.3066293e+00   5.2886348e-01   8.5305575e-01   4.7095707e-01   1.0020071e+00   8.1224755e-01  -1.0819170e+00   2.1815857e+00
   2.0000000e+00  -1.3626801e-01   1.3708479e+00   9.1637794e-02   5.1562034e-01   1.3627470e+00   1.2114767e+00   6.7509454e-01  -9.0434541e-01  -7.8042123e-01   1.5882706e-01
   2.0000000e+00   1.1309463e-01   1.4534318e+00  -4.9440204e-01   6.5964994e-01   6.0743465e-01   5.9662206e-01   7.3762427e-01  -1.1419296e+00  -1.9641422e-01  -1.0095660e+00
   2.0000000e+00  -1.3865507e+00   3.2522317e-01  -1.0508432e+00  -6.7683162e-01  -1.0606328e+00   3.1530720e-01  -1.7883624e+00   7.4533261e-01   4.4286682e-01  -1.4100774e+00
   2.0000000e+00   6.8527552e-01  -1.1573450e+00  -1.1087121e-01  -3.7199132e-01  -7.7236311e-01   1.2167495e+00  -7.5290474e-01  -2.1517084e+00   2.9156619e-01  -5.5174415e-01
   2.0000000e+00  -9.0825745e-01  -2.5831591e-01  -9.2089611e-01   9.5806122e-01  -1.1095652e+00  -5.8848453e-01  -3.8717493e-01   1.7467662e-01  -1.2620459e-01   5.5463580e-01
   1.0000000e+00   2.3584838e+00  -4.6599302e-01   5.9525307e-01   1.6084151e+00   6.0343509e-01   2.6625557e+00   1.6011180e+00  -7.5081586e-03   1.7153159e-01  -5.0316138e-01
   2.0000000e+00   1.9837302e+00  -6.2712744e-01  -8.1173152e-01   5.4735416e-01  -1.1189320e+00  -7.4355284e-01   8.4220399e-01  -6.2519771e-01   5.3898461e-01  -1.2918804e+00
   2.0000000e+00  -1.5132226e+00  -4.4993534e-01   9.5882667e-01  -5.0662109e-01  -9.4297350e-01   5.6909827e-01  -9.8519000e-03   5.5727954e-01  -1.1907062e-01  -5.5368503e-01
   2.0000000e+00   6.8006249e-02  -3.5263688e-01   1.4631420e+00  -3.6811912e-01  -1.1484566e+00   8.7272027e-01  -5.4585784e-02  -1.2320373e-01   1.1840870e+00   2.4829812e-01
   2.0000000e+00  -1.7242926e+00   3.2442946e-01  -7.4467070e-01   2.2036502e-01   1.6757557e-01  -4.7746311e-01   4.6986639e-01  -1.5445199e+00   9.9306777e-01   1.7494141e-01
   2.0000000e+00   6.1911580e-01  -3.3625460e-01  -2.5879259e-01   4.4407789e-01   8.2401419e-01  -5.0635574e-01   7.3004342e-01  -9.1903647e-01   3.6022215e-01  -4.8631325e-01
   2.0000000e+00   1.2129062e+00   1.5259028e+00  -5.4301429e-01   9.8462774e-01   2.9044665e-01   3.0364299e-01   5.0267854e-02   1.1898493e+00  -3.8833126e-01   1.1817983e+00
   2.0000000e+00   7.1681663e-01  -1.5722462e-01  -1.5368430e+00   8.2832199e-01   1.4210096e+00   5.2189275e-01   1.4809088e-01   1.0453452e-01   1.1273853e+00  -7.5276578e-01
   2.0000000e+00   5.2283912e-01  -1.9937436e+00   7.6332797e-01   2.9388640e-01  -1.0885070e+00  -1.4850071e+00  -1.5550949e+00  -1.3484307e+00   6.2534091e-02   1.5387379e+00
   2.0000000e+00   1.3146682e+00  -3.2518547e-01  -6.6634092e-01   2.6666248e-01   8.0648109e-01   2.0803676e-01   1.5514716e+00  -9.4080350e-01  -1.1524901e+00   8.2021514e-01
   2.0000000e+00   2.6020151e-01   7.3969567e-02  -2.3833714e-01  -1.4568533e+00  -5.4799217e-01   3.5957676e-01  -5.3682977e-01   8.7806005e-01   4.6174221e-01   1.0216895e+00
   2.0000000e+00  -2.3210653e-01  -9.0583706e-01   4.5130098e-01  -3.5788025e-02  -8.5603939e-01   6.8708419e-01  -5.4930146e-01  -2.8118010e-01  -1.1905053e+00  -1.1401606e+00
   2.0000000e+00   7.5492071e-01  -1.0851048e+00  -1.1659847e+00   1.2203934e+00  -9.3921658e-01  -1.0181418e+00   1.4280988e+00  -1.0655148e+00   6.5108250e-01   7.8692047e-01
   2.0000000e+00  -9.6131442e-01   9.3118437e-01  -9.1236410e-01  -1.2764175e+00   4.0978082e-01  -2.2560488e+00  -1.0190900e-01   3.2740839e-01   4.1484054e-01   4.2052307e-02
   1.0000000e+00  -1.4517465e-01  -7.7841947e-01   9.3583614e-02  -1.6222748e-01   1.5178677e+00  -1.8077803e+00  -4.5387819e-01   7.8916858e-02  -2.5252246e-01  -8.3522897e-01
   2.0000000e+00  -3.7476401e-01  -1.3997251e+00  -1.5398013e+00   7.7995204e-01   1.7354533e+00   2.8732581e-01   2.5952011e-01   1.2632046e-01  -5.6544466e-01   6.8983248e-01
   2.0000000e+00   1.6161018e+00   1.4269722e+00   2.3439751e-01   5.4049149e-01   2.8948509e-01   1.3849255e+00  -8.0634962e-01  -4.1424172e-01  -3.2194312e-01   9.6547451e-01
   2.0000000e+00  -1.1506429e+00   8.5742918e-01   3.3792212e-01  -6.3320579e-01  -1.7332384e+00   1.4020561e+00  -3.8245915e-01   5.0158057e-01   2.4074413e-01   1.6886883e+00
   1.0000000e+00   2.2014037e+00   4.3142558e-01   2.3760216e-01   7.2002385e-01  -1.4309294e+00   2.7647296e-01  -1.2532376e+00   4.5183556e-01   5.4208403e-01  -3.3851906e-01
   2.0000000e+00  -1.0609919e+00  -1.1004673e+00  -8.6705511e-01   1.9831358e+00   5.6725423e-01   7.7103427e-01   9.8594149e-01  -2.1586451e+00   8.9491153e-02   7.3574326e-01
   2.0000000e+00   4.8019248e-01   5.3568977e-01  -3.0412346e-01  -1.6074654e-01   3.0543815e-01   8.3528384e-01  -4.1634634e-01  -1.6338281e+00  -2.2140043e+00  -7.0866864e-01
   2.0000000e+00  -3.8894482e-01   8.1747299e-01  -1.1004652e+00  -4.7778032e-01   5.1284250e-01   5.7056610e-02   9.6300711e-01  -1.8382670e+00  -4.1354319e-01  -2.8176490e-01
   2.0000000e+00   3.1599378e+00   1.1969659e+00  -1.7566176e+00   6.4348390e-01  -1.0187023e+00  -3.3292459e-01   3.5611848e-01  -6.7638706e-01   1.5573814e+00  -1.9486306e+00
   2.0000000e+00  -1.7379432e-01  -1.5334849e+00   5.9929625e-01   7.1803174e-01   8.8025167e-01   7.5327338e-01   1.2591758e+00  -3.4432110e-01   4.8554126e-01  -6.8441226e-02
   2.0000000e+00   6.8734940e-01   1.5249131e+00  -1.6517929e-01  -7.2037160e-01  -1.0040871e-01  -1.0580688e-01   1.3396388e+00   4.8896748e-01  -2.4482131e-02   7.5700637e-01
   2.0000000e+00   1.9429671e-01  -1.2258495e+00  -2.0669001e-01  -1.2622385e+00   4.6536783e-01   4.3670643e-01   6.0893857e-01   1.4242507e+00   6.0903395e-01  -2.9703472e-02
   2.0000000e+00   2.4308578e-01  -5.1820585e-01   8.8151468e-01  -3.6132463e-01  -1.0897287e+00   4.7049234e-01  -1.1405718e+00   2.1673795e-01  -9.9012401e-01   1.1850342e+00
   2.0000000e+00   6.5618172e-01   6.5174159e-01  -9.1299144e-01  -1.1109549e+00  -1.2613598e+00   2.1560566e+00  -8.5122620e-01   3.4560567e-01  -9.3829738e-01   1.4728588e+00
   1.0000000e+00   6.8931220e-01  -7.4132206e-01   3.0531876e-01  -2.7960204e+00   3.6046583e-01   1.5001882e+00   6.3049652e-01  -5.7846653e-01  -1.6478412e+00   4.8552756e-01
   2.0000000e+00   2.1342109e-01   1.7654864e+00  -6.1509169e-01  -5.9628982e-01   1.0709265e+00  -1.0635512e+00  -1.2446008e-01  -2.1492490e-01  -2.0535206e-01  -1.5783858e+00
   2.0000000e+00   9.4033349e-01   1.8476483e-01   1.3696796e+00  -1.3698604e-01  -8.7106468e-01  -4.7712127e-01   2.2674626e-01   1.0167857e+00   3.4041126e-01   1.0248671e+00
   2.0000000e+00  -9.0194462e-01   1.2547949e-01  -7.0568997e-01   2.8374948e-01   1.0144708e+00   2.3358146e+00  -4.5383186e-01   5.0494164e-01  -1.0217828e+00  -4.5329252e-01
   2.0000000e+00  -1.4362509e-01   1.9721840e+00   1.8297877e+00  -1.1447089e+00  -1.3863305e+00  -1.1940647e+00   3.7798590e-02  -8.1394038e-01  -3.6993877e-01   2.6889620e-01
   2.0000000e+00   3.4264661e-02   2.7315922e-01   1.0394149e+00  -3.7350861e-01   8.6262144e-01  -5.8564991e-01   4.1522997e-01   2.4591516e+00  -1.3377168e+00  -1.3977379e+00
   2.0000000e+00   4.9727650e-01  -1.5397069e+00   8.0970994e-01   1.1254467e+00  -1.5562774e+00   5.4862565e-01  -1.9554518e+00   1.6503092e+00  -4.1037525e-01  -6.8279425e-01
   2.0000000e+00  -2.6078445e-01   2.0409165e+00   1.2729305e+00  -1.2264553e+00  -5.8681983e-01   8.1339713e-01  -8.8546084e-01  -4.3225198e-01   1.4151866e+00  -1.3099202e+00
   2.0000000e+00  -9.0791520e-01  -4.1587547e-01   1.6606046e+00   1.9223047e-02  -7.2218710e-01  -1.6129928e+00   1.3884390e+00   5.5238717e-01  -1.2004114e+00   8.2669577e-02
   2.0000000e+00   1.3378643e+00   1.3663656e+00  -6.7317547e-01  -5.8718118e-01   3.1768712e-01  -1.0451256e-01   3.8414602e-01  -6.1862535e-02  -6.3412183e-01  -9.1854849e-01
   2.0000000e+00  -7.9524835e-01  -6.1885015e-01  -2.8613882e-01   4.1343424e-01   6.0248959e-01   1.3968623e-02   3.1691715e-01   6.2862888e-01   1.0326911e+00  -1.3319251e+00
   2.0000000e+00  -9.9283866e-01   2.4565439e-01  -8.3344523e-01   3.6168346e-01  -7.2777974e-01   1.2437118e+00  -8.1117155e-01   6.8455937e-01   6.9239095e-01  -5.8839420e-02
   2.0000000e+00   9.0942050e-01   9.0504516e-01   4.5654549e-01   3.9165866e-02   5.5057994e-01  -1.7239058e+00   1.6474309e-01   7.8132772e-01   1.2578159e+00   3.3784383e-01
   1.0000000e+00   9.3468377e-01  -8.1127699e-01   2.0769234e-01  -5.5353028e-01   1.9805372e+00   1.5641340e+00   8.4496679e-01  -1.0696641e-01   3.1459291e-01   1.5230866e+00
   2.0000000e+00   2.4398661e+00   4.6340226e-01  -1.7975315e+00  -1.2002525e+00   1.0594205e+00   4.5210586e-01   2.2861277e-01   1.9517305e+00   4.6808579e-01   2.1981152e+00
   1.0000000e+00   4.5747196e-01  -8.5676272e-01   2.3279389e-01  -7.1291098e-01   1.1273208e+00  -4.2333229e-01   1.4075802e-01  -1.0106512e+00  -7.9892525e-01   6.4391658e-01
   2.0000000e+00   1.4438885e+00   1.5282598e+00  -3.3732135e-01   6.1025493e-01  -3.0910778e-01  -1.0541084e+00  -2.2403004e-01  -6.3201479e-01  -2.1467265e+00  -7.3007744e-01
   2.0000000e+00  -7.0690531e-01   2.4308833e+00  -6.5102726e-01   4.2207950e-01   1.7532087e-01   5.4712984e-01   8.0764798e-01  -1.4250826e-01  -1.2611709e+00   1.9392099e+00
   2.0000000e+00   6.2048852e-01  -9.6950132e-02  -1.5051846e+00   1.6032931e+00   2.1415301e-01  -9.6431369e-02  -4.5171863e-02  -9.3673819e-01   1.6029700e+00   1.0938038e-01
   2.0000000e+00   1.4086021e+00  -1.0632280e+00   1.6376115e+00  -1.2639187e+00   1.1355636e+00  -7.7638554e-01   1.3784164e-01   3.7722809e-01   6.5993351e-02   1.2669963e+00
   1.0000000e+00   5.2744772e-01  -7.4828949e-01   2.9841892e-01   8.9291230e-01  -5.0445674e-01  -1.6728587e+00   9.7778078e-02  -4.7591546e-01   8.7527114e-01   2.9450027e-01
   2.0000000e+00   1.2453360e+00  -5.0220979e-01   7.8162444e-01   1.0208573e+00  -4.2182227e-01   6.4455497e-01   7.3197026e-01  -4.4567113e-01   6.3856316e-01  -8.5645704e-01
   1.0000000e+00  -7.3194946e-01   2.0589212e-02   3.2892126e-02  -1.4882890e+00   3.7049395e-01  -1.3525167e+00   1.0157214e-01  -1.8675232e-01   2.3253893e+00  -1.1209370e+00
   2.0000000e+00   1.2378867e+00  -1.6600249e+00   1.4011859e+00   2.6723596e+00   4.5886258e-01  -3.3709322e-01   8.2851361e-01   1.5667729e+00  -4.3814515e-02   1.0683925e-01
   2.0000000e+00   1.2674525e+00  -6.8443017e-01  -9.1208631e-01  -8.6018967e-01  -1.3622518e+00   3.5158737e-01   1.9563900e-01  -1.8397752e+00  -2.9501298e-03   7.2731484e-02
   2.0000000e+00  -4.5193667e-01   2.4584035e+00  -8.9150278e-01  -6.6821961e-01  -7.5045533e-01   1.0602294e-01   5.8111388e-01   4.9790068e-01   8.1296077e-01  -1.5715469e+00
   1.0000000e+00   8.9792626e-02   6.4850974e-01   4.2793111e-01   6.6115214e-01  -1.2820832e+00  -4.1893621e-01  -1.1597026e+00   1.6327997e-02  -8.0836034e-01   5.1570539e-02
   2.0000000e+00   3.0887926e-01   1.4208526e+00   1.3252810e+00   4.9014586e-01  -7.7714282e-01   3.0761920e-01  -2.9323830e-01   7.4940911e-01   1.9177542e-01  -1.0044824e+00
   2.0000000e+00   4.2509454e-03  -3.1244956e-01  -1.5729617e+00  -1.5636432e+00  -2.6187193e-01  -1.1473026e+00  -1.0497510e+00   6.6390017e-01  -9.7052771e-01  -6.7553220e-01
   2.0000000e+00   3.8230443e-01  -6.0770287e-01  -1.1870468e+00  -5.2757213e-01   2.5472257e-01  -1.2497555e-01  -2.3500275e-02  -2.7399040e-01   8.7366676e-01  -2.1002521e-01
   2.0000000e+00   5.8418226e-02  -4.7843382e-01   1.2896793e+00  -7.8297253e-01  -1.1990445e-01   1.3259237e+00   9.5056993e-03  -6.9227350e-01  -3.4683662e-01  -8.1755080e-01
   2.0000000e+00  -1.1631829e+00   6.5211274e-01   1.6706869e+00  -1.3397792e+00   1.6811120e+00  -7.3367163e-01   2.4054581e+00  -8.2789700e-01   9.5939017e-01  -5.5536412e-01
   2.0000000e+00  -3.9550210e-02   5.9101363e-01  -9.7083802e-01  -1.0481955e+00  -1.0380892e+00  -9.1284913e-01   8.2186106e-01  -1.1521624e+00   1.5452917e-01  -1.6858314e+00
   2.0000000e+00  -1.2867890e-01  -1.1987929e+00  -7.7163410e-01   1.2837519e+00   4.9474340e-01   6.1620367e-01   1.6990512e+00   1.1598008e-01  -3.4581606e-01  -2.5662761e+00
   2.0000000e+00   9.7540901e-02  -1.8365458e+00  -1.9063692e+00  -1.8517678e+00   3.5414983e-01  -1.9167269e+00  -4.4629681e-01  -1.8272655e+00   2.2030263e-01  -2.1171803e-02
   2.0000000e+00  -2.5571410e-01   1.3657394e+00  -1.7232726e+00   8.0840209e-01   5.1391158e-01   3.7455081e-01   1.6299874e+00  -1.0618912e+00   4.9906948e-01   2.4790661e+00
   1.0000000e+00  -1.4248876e+00   6.0350638e-01   7.8708393e-03  -2.3869925e+00  -1.2009067e-02   7.7493463e-01   6.8911958e-01  -5.3619391e-01   3.4525547e-01  -1.8632932e-01
   2.0000000e+00  -6.7467697e-01  -6.4889306e-01  -1.4247915e+00  -1.9493400e+00   6.1955912e-02  -4.0279040e-01   1.5674322e+00   1.5700314e-01   2.2546384e-01  -1.1995539e+00
   2.0000000e+00  -1.3113251e-02   1.4507119e+00  -4.4720600e-02  -5.1490700e-01  -1.5882145e-01   5.2023608e-01  -2.8251012e-01   8.8429805e-01  -4.1088277e-01   7.9894626e-01
   2.0000000e+00   1.2740567e-01   1.3146428e+00   3.4886873e-01  -5.9467787e-01   5.5067400e-01   1.0370071e+00  -2.2798504e-01   4.4410500e-01  -6.0555290e-01   1.6327805e+00
   1.0000000e+00   9.2376447e-01  -8.9246923e-01   6.5233299e-02  -2.1965884e-01  -1.3283733e+00   1.4039893e+00  -1.8130505e+00   2.8068160e-01   1.6194314e-01  -1.0816864e-01
   2.0000000e+00  -6.1447662e-01  -1.0730760e+00  -8.3754692e-01   8.0587812e-01   2.0877276e+00   7.1772645e-01  -2.9631294e+00  -5.7274181e-01   2.1918311e+00  -6.4186981e-01
   2.0000000e+00  -1.2100676e+00   9.4105538e-01   4.2807461e-01   4.1395596e-02  -3.2508625e-01  -5.3206935e-01   3.2655959e-01   1.0505258e+00   1.6288605e+00  -3.8234670e-01
   1.0000000e+00   2.9263433e+00  -5.5120665e-02   5.4077708e-01   1.2737476e+00  -1.0832971e+00  -2.0947141e+00   3.5488574e+00   3.5770063e-01   4.2784071e-01  -1.2995549e+00
   2.0000000e+00   8.4929233e-01  -1.7130517e+00  -3.6588365e-01   8.1675824e-01  -1.3712711e+00   3.8657096e-01   6.0032220e-01   5.5336970e-01  -1.4037044e+00  -1.5936764e+00
   2.0000000e+00   1.4450630e+00  -9.5606720e-01  -1.4075507e+00   1.1990173e+00  -1.4324809e+00   1.8205505e+00   3.4526930e-01  -4.6734749e-01  -1.2270706e+00  -6.1309382e-01
   2.0000000e+00  -5.8860168e-01   1.3892112e+00  -2.6245266e-01   5.4110992e-01   1.0571183e+00   4.6561575e-01  -8.8861013e-01   6.7767291e-01   7.7832003e-02  -1.5481699e-01
   2.0000000e+00  -8.2875469e-02  -1.7388738e+00   1.2378346e+00   4.2918792e-01  -6.1570739e-03  -7.1185152e-01  -2.1393091e+00  -9.3007042e-01   4.1151753e-01   3.3857355e-01
   2.0000000e+00  -1.0310169e+00  -1.9526442e+00   3.3839768e-01   4.9355797e-01  -8.8403389e-01   1.7832684e+00  -4.1770006e-01  -4.2012892e-01   1.5885302e-01   3.2867554e-01
   1.0000000e+00  -2.8906170e-01   1.8365926e-02   5.1269425e-01  -7.4217248e-01  -5.6450897e-01  -1.7221326e+00  -1.5900016e+00  -3.5567048e-01   1.5137476e+00  -4.3911689e-01
   2.0000000e+00   3.7951961e-01  -1.5536482e+00  -7.8396671e-01  -7.4244074e-01   5.1895676e-01   2.5986229e+00  -1.6214214e-01  -1.5938383e+00   2.0295304e-02   9.5090821e-01
   2.0000000e+00  -9.5605518e-01  -9.4651753e-01  -6.7951918e-01  -7.0503167e-01  -1.4300865e+00   6.3704420e-01  -3.6499362e-01   7.7794031e-01  -1.4078918e+00  -3.3284127e-01
   2.0000000e+00   6.2147496e-01   5.1090547e-01   1.2783737e+00  -1.2208599e-01   1.9230958e+00   1.2024470e+00  -3.1155693e-01  -9.9202978e-01  -2.7169594e-01  -5.5812950e-01
   2.0000000e+00   1.7441334e+00  -4.1948212e-01   6.3815582e-01  -6.0763241e-01   1.6185564e+00   3.0782642e-01  -4.2750139e-01   1.9897235e+00   2.1911403e-01  -8.2706651e-01
   1.0000000e+00  -8.5468910e-01   1.3167155e-01   3.9044158e-02  -3.5036175e-01   6.9736195e-02  -9.0369695e-01   2.8133469e-01  -6.1644606e-01  -5.5725594e-02   1.4099205e-01
   2.0000000e+00  -2.8857541e-01  -1.3524456e+00   6.9991746e-01   1.6671223e+00   3.0652932e-01   2.2349567e-01   2.0307359e+00   1.2488690e+00  -6.3803760e-01   1.4246504e+00
   2.0000000e+00   7.8129419e-01   1.3502534e+00   2.0116555e-01  -1.2429449e+00   1.5619517e-01  -2.1344548e-01  -6.2394577e-01  -3.6867358e-01   4.2038392e-01   9.8960031e-02
   2.0000000e+00  -4.3668288e-01   1.6739626e+00   6.3351286e-01  -3.3738700e-02  -2.0918590e+00   2.0885388e-01   7.9861532e-01  -1.2854398e-02   5.3063128e-01   7.7011701e-01
   2.0000000e+00  -8.4703369e-01  -1.0443157e-01   1.6175528e+00  -1.2710026e-01  -9.9203992e-01  -6.3672973e-01  -6.1328704e-01  -8.4148884e-01   4.3011606e-01   4.3177455e-01
   1.0000000e+00  -1.2332901e+00   6.4161864e-01   1.2704021e-01  -1.3026627e+00   4.8916761e-01  -3.1472637e-01   1.3149738e+00   6.4794586e-01   8.0170842e-01   2.4694879e+00
   2.0000000e+00   3.6901955e-01   1.2777296e-01  -1.4563249e+00  -2.8220982e-01  -6.4065150e-01  -4.2145398e-01   1.4731757e+00  -4.7005958e-01  -1.0375810e-01  -3.9405057e-01
   2.0000000e+00   1.2268159e+00  -2.9776171e-01   1.9960926e+00  -7.4609428e-01  -3.8749948e-01   3.8029399e-01  -1.7650413e-01  -3.2351387e-01   7.7988903e-01  -2.8983481e-01
   2.0000000e+00  -9.4159310e-01  -3.9215171e-01  -5.4797667e-01  -2.0058211e-01   1.0404827e-01  -2.0638504e+00   1.6026895e+00  -2.0165450e-02  -1.3269473e+00   2.6518103e-01
   2.0000000e+00   3.3089742e-01  -5.3482309e-01   1.0130630e+00  -6.2190814e-01   1.3629753e+00   1.2999912e-01  -7.9758948e-01   1.9826481e+00   7.2612576e-01   1.5577830e-01
   2.0000000e+00  -4.1533000e-02   1.2181304e+00  -6.6417385e-01  -9.3842535e-01  -3.3632067e-01   1.1341181e+00  -1.1893706e+00   1.2017861e+00  -6.4324225e-01   2.1426837e-02
   2.0000000e+00  -3.4872726e-01  -7.0542269e-01   1.0745279e+00  -3.9515210e-01  -1.2771350e+00   1.6919496e+00  -1.2054464e+00   8.2032350e-01  -7.4938908e-01   7.7242297e-01
   2.0000000e+00   2.9588723e-01   4.4657970e-01  -3.6329404e-01  -3.9676270e-01  -2.5827401e+00  -3.0496725e+00   1.4362732e+00  -1.9777585e+00  -5.6417010e-01  -1.4180189e+00
   2.0000000e+00  -1.8792118e+00  -8.7977852e-01  -2.3304976e-01  -8.1765255e-01  -1.3024328e+00   5.6430123e-01  -5.3797537e-01   4.1237793e-01  -6.8082872e-01  -1.7820901e+00
   2.0000000e+00   1.4184389e-01  -6.4986522e-01  -2.2905590e-01   1.7444056e+00   4.9319511e-02   6.7259900e-01   9.2650552e-01   1.1808057e+00   4.7053811e-01  -1.2938831e+00
   2.0000000e+00  -3.8680847e-01   1.0008293e+00  -5.0322905e-01   2.4144447e-01   3.3771524e-01   1.6796270e+00  -1.9269267e+00  -1.0662235e+00   1.3310574e-01   1.9037573e-01
   2.0000000e+00   1.0374316e+00  -2.1559174e-01  -9.1842454e-01  -6.7440553e-01   2.4250514e-01  -2.2916551e-01   1.3912876e-01  -9.6928978e-01   2.6457676e-01   7.4859460e-01
   2.0000000e+00   4.5402931e-01  -1.7610450e+00  -2.3125239e+00   5.8117835e-02  -1.3689341e+00  -5.3513556e-01  -1.8538951e+00   1.0369312e-01  -2.7320735e-01   2.2029843e+00
   2.0000000e+00  -3.7975647e-01  -9.8972572e-01  -8.6507761e-01  -2.5946920e-01  -1.0326207e+00  -7.3578766e-01   6.1980635e-01  -3.6163993e-01  -3.7951158e-02  -5.2378445e-01
   2.0000000e+00  -1.7587294e+00   2.4278934e+00   8.2647034e-01   3.2455686e-01   4.7046015e-01  -1.6976003e-01   6.7648779e-01  -2.5860150e+00   6.3522900e-01  -3.7090433e-01
   2.0000000e+00   1.0882328e+00   1.6938911e+00  -1.4144562e+00   1.0618026e-01  -1.4305590e+00  -1.1827618e-01   1.0737250e+00  -4.8497825e-01   7.8859092e-01   9.0323629e-01
   2.0000000e+00  -1.4103523e+00   3.7584925e-01   1.0909643e+00   1.4397125e+00  -1.1233936e+00  -3.8758206e-01   1.0666874e+00   3.7602417e-01  -1.7577177e-02   1.0431839e-01
   2.0000000e+00  -2.7272046e-01   7.5561990e-01  -8.0775272e-02  -4.3884554e-01   8.7922071e-01   6.6886387e-01   4.4571217e-01   4.4783795e-02  -1.6017405e+00  -1.1605761e-01
   2.0000000e+00  -1.8332697e-01  -9.6131893e-01  -1.5776829e-02  -6.8117558e-02   1.9898672e+00  -1.3341005e+00   7.4583487e-01  -1.3773304e+00   7.0402360e-02  -4.4939401e-01
   2.0000000e+00   3.0819104e-01  -5.3071765e-01  -8.2023309e-01   1.1323928e-01   8.1456151e-01  -5.9589956e-01  -8.4314708e-01  -7.3169667e-01  -5.7266711e-01  -3.0897432e-01
   2.0000000e+00   3.4254698e+00   9.8361350e-01   1.3299320e+00  -5.5199025e-01   1.2497972e+00  -6.9012379e-02  -1.2659732e+00  -3.0692246e-02   3.2156885e-02  -1.8898109e+00
   2.0000000e+00  -5.9485307e-01   2.1212693e+00  -2.3381059e-01  -9.7345370e-01  -1.3572964e+00  -1.0515130e+00   3.1163754e-01   3.2907817e-01  -1.1213222e+00  -5.0504392e-01
   2.0000000e+00  -6.7156403e-01  -4.3075938e-01  -9.3641955e-02   1.9058295e-02   4.7251123e-01   5.4974558e-02  -9.8985564e-01  -4.0491752e-01   5.3312079e-01  -6.8527101e-01
   2.0000000e+00  -1.2840671e+00   1.0414429e+00  -2.4788043e+00   4.1721983e-01   1.8683591e+00  -1.5096832e-01   5.5175754e-01   6.0851872e-01  -4.4972013e-01  -2.9897511e-01
   2.0000000e+00   4.6054012e-01  -7.1267438e-01  -3.6702846e-01  -1.0741803e-01  -8.0409344e-01  -1.3028944e+00  -2.1507777e-01   1.1762564e+00   1.0923166e+00  -6.4700889e-01
   2.0000000e+00  -9.1271431e-01  -9.5321204e-01  -3.3474550e-01  -1.1369369e+00  -1.3366557e-01  -2.6345533e-01   2.8292365e-01  -1.2841058e-01  -1.7281550e-01  -1.8090272e-01
   1.0000000e+00  -4.5756666e-01   4.5208691e-01   7.8607137e-02  -6.8631923e-01  -7.0562891e-01  -2.5365774e-02  -1.2217341e+00  -5.1469040e-01  -4.2787776e-01  -4.5170780e-01
   2.0000000e+00  -7.2182240e-01   1.3543040e+00  -9.5171375e-01  -2.2911920e-02  -8.6241235e-01   4.6947439e-02   1.4884028e-01   8.3025006e-01   6.1628823e-01   3.1386189e-01
   2.0000000e+00   1.3692687e+00   2.8604339e+00   6.0736908e-02  -4.5210088e-02   1.1789441e+00   6.7414975e-01   1.1431429e+00   1.3990357e+00   1.7538464e+00   3.8085620e-02
   2.0000000e+00  -3.9325088e-01   8.5074374e-01   3.7202487e-01   4.9696710e-02   2.0765279e+00  -4.3713933e-01  -1.2829311e+00  -1.5535537e+00  -3.6540732e-01   5.0571840e-01
   2.0000000e+00  -1.0955317e+00   5.7962699e-01  -7.4109603e-01   7.9062450e-01   1.4733845e-01   5.7701904e-01  -5.4363037e-01   2.8770836e+00   1.6031684e+00  -1.5615744e+00
   2.0000000e+00   8.5936731e-02  -1.1468409e+00  -6.3213401e-02   4.0034509e-01   1.1240891e+00   3.7852816e-01   9.5998592e-01  -3.8631078e-02   8.4907309e-02   1.0103541e+00
   1.0000000e+00  -1.1844523e+00   2.3124205e-01   7.2269176e-01   7.7528150e-01  -6.1166949e-02  -1.4247399e+00   9.8046855e-01   1.1729456e+00   4.0436187e-01   2.1261565e-01
   2.0000000e+00  -9.3759288e-01  -6.8159997e-02  -3.9518497e-01   2.1134955e+00  -1.5242704e+00   1.3034627e+00  -5.7048646e-01   5.5229741e-01  -2.8138141e+00   8.8727330e-01
   2.0000000e+00  -4.3924792e-02  -1.8824735e+00   1.4454539e+00  -2.1321436e-01  -1.2755738e+00  -8.5714390e-01   8.5621244e-01  -5.7247497e-01  -2.1776590e-01   5.6132388e-01
   2.0000000e+00  -2.6079338e-01   5.1918233e-01  -8.4899348e-02  -1.0684548e+00   2.3486771e-01  -1.4188199e+00  -9.1630162e-02   2.6763923e-01   2.3103936e+00   1.3614422e+00
   2.0000000e+00  -3.6519280e-02   1.1032043e+00   1.5603163e+00   2.0363704e+00   1.0901684e+00  -1.3827374e+00  -1.2136045e+00   1.2421993e-01   9.1046486e-02  -1.1313015e+00
   2.0000000e+00   2.0566792e-01   2.7794875e-01  -1.4328660e+00   9.6035408e-01   4.4863932e-01   8.1468046e-01   3.0114043e-01  -1.5554172e+00  -4.2409893e-01  -1.3594125e+00
   2.0000000e+00   4.4731218e-01   2.0857136e-01  -1.8754645e+00   1.0415939e+00  -7.7214836e-01   7.7676515e-01   7.9910690e-01  -6.6402219e-01  -1.7068424e+00   5.9415221e-01
   2.0000000e+00  -1.2376451e+00   2.0298351e+00  -3.5954623e-01  -1.2179995e+00  -7.6750962e-01  -1.1347677e-01   7.1832740e-01  -4.2576540e-01  -1.9342305e+00   8.9490125e-01
   1.0000000e+00   1.0337712e+00  -8.9212845e-01   1.1791192e-01  -8.1462457e-01  -1.1716334e+00   1.0099396e+00   2.4575733e-01  -1.3565579e-01  -1.0021735e+00  -6.1154485e-01
   2.0000000e+00   7.1443435e-01  -9.9883240e-01   1.5976902e-01   5.2846927e-01   1.1585567e+00  -9.0277513e-01  -1.5135305e+00   5.3428803e-01   1.3499569e+00   5.3003896e-01
   2.0000000e+00  -4.2923608e-02  -2.8702726e-01   9.9825099e-01  -2.3689422e-01  -1.6052096e+00  -7.6733238e-01  -1.6464148e+00   1.2042178e+00   6.0564040e-01  -1.0095200e+00
   2.0000000e+00  -1.7594871e+00   9.7358271e-01   1.2425176e+00  -3.2342244e-01   6.7133007e-01   6.3685557e-02   7.2976975e-01   2.9582583e-01  -5.0187972e-01  -8.2088680e-01
   2.0000000e+00  -1.7647340e+00  -1.5453430e+00  -2.5530337e-01   8.3474386e-01  -3.6468503e-01  -1.0889628e+00   5.2623836e-01  -3.9183564e-01   1.6539256e-01  -1.5203965e-01
   2.0000000e+00  -2.0074646e+00  -6.0024519e-01  -1.7508527e-01   8.3648600e-01   2.1197825e+00   5.6484271e-01   2.7738724e-01   1.3808139e+00  -1.5341061e+00   6.5666106e-01
   2.0000000e+00  -1.4833375e-01   1.8082853e+00   4.5883167e-01   1.9247541e-01   2.3218453e+00   3.2842574e-01   6.4987181e-01   1.3594060e+00  -7.6405422e-02   6.4106863e-01
   2.0000000e+00   4.3879890e-02  -1.0578136e+00  -3.3254142e-01  -1.6084523e+00   9.7341554e-01   1.9760101e+00  -6.5443815e-01   6.1120925e-01  -7.8101566e-01   6.4672174e-01
   1.0000000e+00   1.4751105e+00   2.1736856e-01   6.6812883e-01   1.0652265e+00  -9.9370127e-02   1.4356708e-01  -1.1462417e+00  -6.7861906e-02  -1.3816504e-01   6.2085173e-01
   2.0000000e+00   1.2574482e+00  -3.9414797e-01  -1.2485183e+00  -1.8385239e+00   6.8211550e-01   8.4173053e-01  -2.0371605e-02  -8.2966935e-01   9.6726667e-01   2.5000967e+00
   2.0000000e+00  -1.4290949e+00   8.7615940e-01  -1.5177997e-01  -7.0471146e-01   3.5543177e-01  -1.5474491e+00   1.3716200e+00   7.3876312e-02   8.8211845e-02   1.0996289e-01
   2.0000000e+00   7.9175494e-01   1.3013866e+00  -3.7159072e-02  -1.8886877e-01  -2.1872664e-02   2.0829300e+00  -7.3425069e-03  -1.4486055e-01   3.3881655e-01   1.5169624e+00
   1.0000000e+00   6.9629092e-01   3.1908729e-01   7.7790604e-01  -5.2855382e-01  -4.4874815e-01  -9.3135190e-01  -1.9854626e+00  -6.4798514e-01   7.2053961e-02   7.0739145e-01
   2.0000000e+00  -8.5750935e-01   4.5594690e-01  -1.2370070e-01  -1.4757121e+00  -6.6774924e-02  -5.0663875e-01  -2.4776602e-01  -3.8595327e-01   2.6084868e-01  -8.9552589e-01
   2.0000000e+00  -1.7479199e+00   2.5561468e+00   6.5471772e-02   1.4135349e-03   5.2926884e-02   1.3898988e+00   6.2939657e-01  -9.0519280e-01  -1.5732591e+00   2.6238778e+00
   2.0000000e+00  -9.2432966e-03   2.3745881e+00   1.2280038e+00   1.5402285e+00   5.6211078e-01   1.0837151e-01   1.9083732e+00   9.2747011e-02  -8.6411447e-01  -1.7344076e+00
   2.0000000e+00  -3.2679294e-01   3.4073081e-01  -3.2482747e-02  -9.6131312e-02   1.0014692e+00  -6.6347208e-01  -8.6201281e-01  -3.6715489e-01   2.2068071e-01   3.6735933e-01
   2.0000000e+00  -6.0859812e-01   1.1050695e+00  -3.1615748e-02  -6.6048383e-01   1.3552989e+00   1.7249118e-01   1.7463681e+00  -8.7555966e-01   1.1726630e-02  -1.6280442e+00
   2.0000000e+00  -2.0669665e+00  -1.1714594e+00  -9.4946563e-01  -9.0413314e-01   3.2238841e-01  -2.6016332e-01  -2.3948077e+00  -1.2448750e+00   3.4710168e-01  -5.0598264e-01
   2.0000000e+00  -6.4298692e-02   9.2423113e-01  -1.9660848e+00   7.1363171e-01   8.7385740e-02   3.6662706e-01  -1.3215341e+00   1.4250470e+00   1.7976706e+00   1.6498281e-02
   2.0000000e+00   7.3043324e-02   1.2084465e+00  -7.8387793e-01   1.2286082e+00   5.1726528e-01  -1.8331894e+00  -1.3377398e+00   8.0006742e-01  -1.0111040e+00  -8.6340960e-01
   2.0000000e+00  -1.3537802e+00   1.1368037e+00   1.6429957e-01   1.3305561e+00  -1.4245279e-02   1.4137765e+00   2.8985603e-01   1.6976274e+00   1.7764348e+00  -3.2613958e-01
   2.0000000e+00   4.9178190e-01   9.9261242e-01  -2.1697529e-01   1.4970038e+00   8.5887232e-01   2.0322876e+00  -7.0972578e-01   1.8544919e+00   5.9745699e-01   3.2995035e-01
   1.0000000e+00  -1.9240800e-01   7.9486865e-01   8.5131333e-02  -7.7745562e-02   3.4872842e-01   5.8361052e-01   9.8387684e-01   1.5722628e-01   2.3526149e-01  -1.4653992e+00
   2.0000000e+00   1.0140226e+00   6.3034497e-01   4.3542095e-01  -2.4312868e+00  -7.8744175e-01   8.3233956e-01  -3.2797684e-01  -2.0010678e+00   7.8204459e-01   8.1024851e-01
   2.0000000e+00  -1.7377500e+00   1.3498223e+00  -1.2312113e+00   7.4983506e-01   3.2724795e-01  -1.9943305e-02  -2.2732650e-01  -7.7832985e-01  -4.0648452e-01  -9.1966460e-01
   2.0000000e+00   2.5394299e-01  -1.7141881e+00   7.0764314e-01   7.7020397e-01  -3.7559919e-01  -1.1544631e+00   1.1173576e+00  -1.6992728e-01   7.9185824e-01  -2.3402381e-01
   2.0000000e+00  -2.2315674e+00  -4.3858429e-01  -1.6742508e-01  -8.3591846e-01   1.6152374e+00  -1.4475208e+00   3.9419270e-01  -2.0761278e-01   4.4448072e-01   9.6130081e-01
   2.0000000e+00  -4.5431986e-01   5.3323467e-01  -1.8464779e-01   1.2752373e+00   4.7339652e-01  -2.2567867e-01  -9.6418862e-01   4.3139682e-01   5.6227157e-01   9.1176522e-01
   2.0000000e+00   8.2991583e-01   6.2251369e-01  -9.7722949e-01  -2.4441576e-01  -5.1392405e-01  -4.3900153e-01   9.8662712e-02  -9.0118485e-01   1.1898705e+00  -8.0524340e-01
   2.0000000e+00  -2.0160250e-01   1.2465776e+00   1.1101249e-01   3.2154477e-01  -3.7348485e-01  -3.8101999e-01   1.3218278e+00   1.5749026e+00   6.9663735e-02   4.5653591e-01
   2.0000000e+00  -6.1790025e-01  -2.2500953e+00  -7.3939254e-01   1.2465777e-01  -6.4012257e-01  -6.7169231e-01   2.1767813e+00  -2.9779906e-01  -1.2146337e+00   6.6921044e-01
   2.0000000e+00  -7.2794569e-01  -5.3677240e-01   1.0378644e+00   4.3887076e-02   1.0949148e+00  -7.8223350e-01   1.8198620e-02   1.2273731e+00  -1.0212492e+00  -8.5920763e-01
   1.0000000e+00  -8.7183987e-03  -7.8084065e-01   2.9887360e-03  -3.8051367e-01  -1.2811524e+00   3.6662907e-01   1.3530686e+00  -1.5027382e+00  -5.5204373e-01  -2.5677720e+00
   2.0000000e+00   1.4499781e+00  -2.3584200e-01  -7.2409993e-01   1.1409370e+00   6.2521884e-01  -1.0293726e+00  -8.8082567e-01  -1.1534005e+00  -2.1725050e-02  -1.6388150e+00
   2.0000000e+00   2.9478167e-01   1.7462254e-01  -7.8821361e-01  -6.8547589e-01  -4.7751185e-01  -7.1668688e-02  -1.1050645e+00   5.7392633e-01  -3.6637636e-01  -8.7079629e-01
   2.0000000e+00  -1.5523445e-01   3.7636912e-01   1.1680249e+00   3.0825171e-01   9.6917529e-01   1.4949438e+00  -1.7330866e+00   1.0868570e+00   1.2539577e-01  -1.0002736e+00
   2.0000000e+00   8.0049977e-02  -4.4339820e-01   1.5809306e+00   1.0369833e+00   9.4213623e-01   2.9699172e-01  -1.3188560e+00  -2.1450529e+00   4.7370529e-01  -1.9342689e+00
   2.0000000e+00   8.5588618e-02   1.0929519e+00   5.4084172e-01   1.7283707e+00   5.2543009e-01   1.0070274e+00  -1.1895658e+00  -1.1266649e-01  -9.6761582e-01   3.5501566e-03
   2.0000000e+00   2.9721251e-01  -1.2561191e+00  -3.0876672e-01   3.2163428e-02   7.0690031e-01   1.0682600e+00  -1.0694824e+00  -2.4750029e-01   1.1524431e+00   3.5959366e-01
   2.0000000e+00  -2.4311023e-01   1.9409277e+00   9.4472744e-01  -5.2794148e-01   3.4460029e-01   1.9734849e+00   5.5183264e-01   6.1250974e-01  -5.4909791e-02   1.7387837e-01
   2.0000000e+00  -5.1747433e-01   9.7644666e-01   2.9668570e-01   1.2771543e+00   4.4736306e-01  -1.1335270e+00  -1.3504223e-01  -9.2215415e-02   1.3314717e-01   1.0119279e+00
   1.0000000e+00  -1.8307569e+00  -2.3525505e-01   1.9809934e-01  -1.1240942e+00  -1.1007008e+00  -2.7282484e-01  -8.4666234e-01  -1.0386637e-01  -5.2672704e-02   8.4620661e-01
   2.0000000e+00   1.1579662e+00   4.1146776e-01   1.0490280e+00  -1.0814733e+00   1.2214823e+00   3.6488940e-01  -1.0116003e+00   1.0253688e-01   5.1533138e-01  -1.0801822e-01
   2.0000000e+00   1.4593987e+00  -1.0582229e+00  -2.1870589e+00   1.8202421e-01  -1.7007861e+00   2.0195357e+00   3.1423789e-01   6.0245503e-02   1.1794267e+00   1.1258452e+00
   1.0000000e+00  -7.1012589e-01   2.6311825e-01   4.4715364e-01   8.6608617e-01  -5.6666593e-01  -1.3264687e-01   9.2937640e-01  -8.8202202e-01   6.5666051e-01  -1.9183380e-01
   1.0000000e+00  -3.7543824e-01  -2.3929800e-02   1.5489901e-01   1.8601690e+00   1.8720451e+00  -8.9143731e-01   1.4837297e+00   1.4487895e-01  -2.4197456e-01  -4.5062492e-01
   2.0000000e+00  -8.4615768e-02   1.7260830e+00  -9.0340521e-02  -2.0218255e+00   7.2685198e-01   3.1147012e-01   3.1189902e-01   8.2592542e-01   1.6563921e+00   3.8288205e-01
   2.0000000e+00  -8.7842723e-01  -7.5455953e-01  -2.3419696e+00  -6.3041154e-02   1.8013592e+00  -4.3956828e-03  -5.0247251e-01  -4.3299859e-01   1.5650461e+00   3.8527363e-01
   1.0000000e+00   1.0603093e+00   3.4500888e-01   5.4799083e-01   2.2355826e-01  -2.2315607e-01  -8.8249512e-02   8.8790483e-01  -9.1443982e-01  -9.0699798e-01   7.2710712e-02
   2.0000000e+00  -8.4106208e-01   9.6336879e-01   5.3232761e-01   1.2442091e-01   1.7026468e-01  -1.3233123e-01  -5.3385576e-01   1.7861479e-01  -4.8187915e-01  -5.8292971e-01
   2.0000000e+00   3.9168355e-01   1.5245152e+00  -2.2048133e+00   1.1342934e+00  -8.7619759e-01  -5.5650054e-01   1.3024343e-02   1.5134600e+00  -1.0730375e+00   1.2264081e+00
   2.0000000e+00   4.8788405e-01   1.0019336e+00   5.0212318e-01   1.1075144e+00   4.8833754e-01  -3.0415848e-01   4.6759977e-02   4.0564273e-01   5.0365326e-01  -3.6514015e-01
   2.0000000e+00   5.5770165e-02   1.0577119e-01   1.3505800e+00   1.5798442e+00  -1.3285797e+00  -9.3420042e-01  -1.5366569e+00   3.9241772e-01   9.8014427e-01   3.9906303e-01
   2.0000000e+00   7.9591259e-01  -8.1211525e-01   7.4892356e-01  -1.4456402e+00   1.0740521e-02   1.1634937e+00   1.3894373e+00  -1.4371779e+00  -2.2980734e+00   5.1492014e-01
   2.0000000e+00  -9.9079389e-01  -6.4296038e-01   1.0141823e+00   1.8274565e+00  -1.0069289e+00  -1.0283466e+00  -1.1008303e+00  -1.7799768e+00   1.1872091e+00   7.9715055e-01
   2.0000000e+00   5.1934547e-01   8.1661088e-01  -9.6828185e-01  -6.3022775e-01   1.7667605e-01   5.0087550e-01   9.8741221e-01   8.3075483e-01  -4.3058698e-01   9.7099861e-01
   2.0000000e+00   1.3709994e+00   1.7254600e+00   1.4775029e+00  -3.8076756e-01  -9.3829687e-01   3.0337366e-01   2.4367408e-01  -6.3140020e-03   8.9259931e-01  -9.2862854e-01
   2.0000000e+00  -7.3386586e-01   3.9393966e-01   1.7198082e+00  -1.6361685e-01   1.2796437e-01   1.1518245e-01   4.3113275e-01   1.8406622e+00  -1.1166311e+00  -9.4692800e-01
   2.0000000e+00   5.6064144e-02  -1.4749281e-01  -5.0496231e-01   8.0249445e-01  -1.0906105e+00  -2.6893554e-01  -2.7118483e-01   5.3558359e-01  -5.7367369e-01   1.2095502e+00
   2.0000000e+00  -3.0512512e-01  -1.0334497e+00   2.1061611e+00  -8.0695676e-01   1.7270355e-01   9.9379998e-01   5.2015534e-01   1.7998269e+00  -1.0986390e-02   7.3442739e-01
   2.0000000e+00   6.9310072e-01   3.3078857e-01   2.1294777e+00  -1.0405542e+00  -3.1648382e-01  -2.0990881e-01  -2.4911646e-01   6.1352979e-01  -9.7095037e-02  -2.9778495e+00
   2.0000000e+00  -6.0449813e-01  -8.6139605e-01  -3.4982193e-01   7.0114655e-01   3.0851676e-01   3.4244228e-01  -4.3429510e-01  -1.6953177e-01  -2.2267357e+00  -9.1700029e-01
   2.0000000e+00   1.0382074e+00  -8.9413030e-01  -9.3484602e-01  -5.8527363e-01  -9.2933274e-01   4.5510818e-01   1.1135258e+00   2.9709920e-01   1.0493920e+00  -1.8924920e+00
   2.0000000e+00   1.5018118e+00  -1.0179799e+00   8.9080010e-01  -1.6717697e+00   9.4832238e-01  -2.2685024e+00   9.4370224e-01   4.6048441e-01   1.6548291e-01  -8.8257318e-02
   2.0000000e+00  -1.4464626e+00   1.9077251e+00  -8.4001341e-01   9.8518724e-01  -1.0011592e-01  -6.9400691e-01  -9.7066551e-01  -5.3061853e-01   2.8978146e-01   2.8180913e+00
   2.0000000e+00  -3.4550149e-01   6.9166616e-01  -7.1960907e-01   1.7773892e+00  -2.6115235e-02  -9.1904774e-01  -4.4478112e-01  -4.1131565e-01   5.5939164e-01   8.8817463e-02
   2.0000000e+00   5.3972496e-01   5.0338313e-01  -1.6933839e+00  -6.8218245e-02   1.6332769e+00  -1.1231010e+00   5.6979633e-01   3.9744727e-01  -2.1596063e+00  -3.2300033e-01
   1.0000000e+00   3.8876915e-01  -4.9672508e-01   9.9806212e-03  -2.1708436e+00  -2.8472812e-01   2.1974806e-01   8.1693753e-01   3.3670870e-01   5.5897991e-01  -1.0084671e+00
   2.0000000e+00   2.5793379e-01   6.8120824e-01  -8.0571520e-01   3.8283556e-01  -1.3029870e+00   1.0943431e+00   1.3178951e-01  -1.4358753e+00   2.0900810e+00  -3.8804305e-01
   2.0000000e+00   1.5208880e+00  -1.6378386e+00   1.5980748e+00   1.4617007e-01  -1.3785602e+00   1.2088485e+00  -1.0068389e-01   9.2878693e-01   1.0286709e+00   1.6145100e-01
   1.0000000e+00   2.3527837e-01  -4.4316865e-01   1.2746520e-01   6.7493610e-01   1.9142068e-01  -3.7412090e-01   8.9817488e-01  -6.6813841e-01   2.1189270e+00  -1.1970729e+00
   2.0000000e+00  -1.2782166e+00  -1.2937345e+00  -8.7587601e-01   8.0077345e-02  -1.3330540e+00   1.3578184e+00   6.4551965e-01  -6.7599442e-01   1.2432272e-01   1.2592018e+00
   2.0000000e+00   5.1226422e-01  -7.8911520e-01  -2.5099966e+00   6.2804987e-01   4.1676396e-01  -7.6093871e-01  -2.6350141e-01  -5.1910172e-01  -7.8767872e-01   4.2438254e-01
   2.0000000e+00   3.3490156e-01   1.4513306e+00  -1.3644955e+00  -4.4779687e-01   1.4799497e-01   2.9160821e+00  -1.4783729e+00  -1.6018947e+00   1.0186870e+00  -3.2914378e-01
   2.0000000e+00   2.1355065e+00   1.7011483e+00   1.2376800e+00   6.6397201e-02  -2.1469493e+00   2.7012860e-02  -1.0318632e+00  -3.0252152e-01   1.0986752e-01  -1.1009119e+00
   2.0000000e+00   1.9733012e+00  -5.1998889e-01   1.1017804e+00  -5.8427062e-01  -1.4256671e-01  -5.7177381e-01   1.4448559e+00   5.1118123e-01  -5.4937774e-01  -3.8264599e-01
   1.0000000e+00   1.4143064e+00   4.8530437e-01   3.2545100e-01  -1.8686239e+00  -8.4918318e-01   2.5912143e+00   5.2321359e-01  -1.0320870e+00   1.2292271e+00  -2.5356299e-01
   2.0000000e+00  -1.1002390e+00  -1.5068110e+00   1.3875052e+00  -3.5190882e-01  -1.7479748e-01   1.3634042e+00  -2.0248162e+00  -5.6363544e-01  -1.8055099e+00  -2.2395630e-02
   1.0000000e+00   6.1954741e-01  -6.6590566e-01   1.2985377e-01  -2.2179891e+00  -3.8402998e-01   1.9848823e-01  -6.6767903e-01   1.3266870e+00  -5.1650467e-01  -2.5283169e-02
   2.0000000e+00  -2.8572324e-01  -1.2858005e+00  -2.6060840e-02   3.3271217e-01   1.4759732e+00   1.2369465e+00  -4.0848213e-01   1.7121390e+00  -1.4515175e+00   1.9891801e-01
   2.0000000e+00   1.4012792e+00  -7.3862073e-01  -4.3937694e-01   1.0097309e+00   2.9825171e-01   1.2225397e+00  -1.7115294e+00   8.4306437e-01  -1.9740390e+00  -4.6183337e-01
   2.0000000e+00   8.5439091e-01  -3.9033401e-01  -9.7669029e-01   1.9513152e+00   9.4249989e-01  -2.7480587e+00  -6.9297021e-01  -1.5796616e-01   3.9907736e-01   4.4854882e-01
   2.0000000e+00  -1.9865838e+00  -1.0467414e+00  -1.5693542e-01  -1.1487659e+00   1.1120677e+00  -2.8443989e-01   2.8161889e+00  -5.5319189e-01   3.4728735e-01   8.9753679e-01
   1.0000000e+00  -6.6451648e-01   5.0504217e-01   6.1003405e-01   3.6269284e-01  -2.7819970e-01  -1.1743472e+00   5.3173316e-01  -1.0275519e+00  -3.9783080e-01  -1.5950618e+00
   2.0000000e+00  -1.9039642e+00   4.2905434e-02  -6.0624935e-01   1.9946377e-01  -2.0581094e+00  -4.0151464e-01  -4.5307169e-01  -1.7575008e+00   6.8879875e-01  -4.5340722e-01
   2.0000000e+00   1.0757140e+00   6.0484110e-01  -7.3359362e-01  -4.3705326e-01   1.9342308e+00  -7.3855499e-01   1.3203871e-01   7.9085331e-01   6.4780661e-01   8.6296517e-01
   2.0000000e+00  -1.1257826e-01  -8.7782172e-01  -2.7647577e-01  -1.5576131e+00   8.6808307e-02   1.4823116e-02  -3.6446893e-01   2.9942370e-01  -9.5546505e-01  -2.3387612e-01
   2.0000000e+00   5.5688100e-01   1.6590942e+00  -7.7222540e-01   1.0120995e-01  -3.5442428e-01   1.3413058e-01  -1.3925980e-01   8.0806610e-01  -6.3501668e-01  -6.6748319e-01
   2.0000000e+00  -2.8742205e+00  -1.7354428e+00  -3.7315765e-01  -9.8038255e-02  -1.3093881e+00   1.4775788e+00   1.0561210e+00  -5.8480387e-02   1.2980627e+00   5.7083107e-01
   2.0000000e+00  -1.6818863e+00  -2.2503828e-01  -1.1240803e+00  -3.3220187e-01   6.5418404e-01  -1.3943295e+00  -1.8288661e-01   1.2038023e+00  -5.1605818e-01  -6.4275880e-01
   2.0000000e+00   8.8524017e-01   3.7245534e-01  -4.9664161e-01   1.7482005e-01   1.2618515e+00   1.0379361e+00   9.2788690e-03   2.1279473e-01   8.0261408e-01  -1.5146611e+00
   2.0000000e+00  -6.3257418e-01  -2.4579231e-01   9.3736849e-01   6.6801375e-01   3.4223545e-01  -1.0121316e+00  -1.5835482e+00   2.7889777e-01  -1.9424745e-02  -1.1077970e+00
   2.0000000e+00  -2.1439869e+00   1.2163340e-02  -1.1597025e+00   3.0081903e-01   7.6224614e-01  -1.7238166e+00   5.7516001e-01   2.7604253e-01  -1.6127409e-01  -5.0765071e-01
   2.0000000e+00   9.6226558e-01  -1.3285552e+00   1.7293394e+00   7.2645139e-01   1.9455028e+00   2.8085989e-02  -1.2851238e+00  -3.6681806e-01   1.0011294e+00   1.1117602e+00
   2.0000000e+00   9.9506382e-01  -7.0182243e-01  -1.1189425e+00   1.8331286e-01  -6.2416034e-01  -3.8918843e-01  -7.4051691e-01  -1.3962290e+00  -1.2333085e+00  -1.1329018e-01
   2.0000000e+00  -1.9210415e+00   3.1397587e-01   1.4828544e+00   5.9219809e-01  -1.1322248e-01  -5.6100423e-01  -7.4718714e-02   1.1452448e+00   9.2357266e-01   1.2883363e+00
   1.0000000e+00   1.4351784e+00  -3.2048582e-01   2.9819644e-01   1.2258074e+00   5.9795371e-01   7.8964708e-01  -1.4303919e+00   5.9406903e-01   3.9629897e-01  -8.1526668e-01
   2.0000000e+00  -4.2014572e-01   1.2321323e+00   4.0752847e-01   2.9828013e-01   1.0227689e+00   1.1304592e+00   1.8440895e+00   1.9910089e-01   8.1547276e-01   1.8402288e+00
   2.0000000e+00   5.5810487e-01  -6.4621082e-01   9.6857831e-01  -1.0047314e+00  -1.6454507e-02  -3.7929037e-01  -6.5803713e-02  -4.3291875e-01   1.0874198e+00  -1.0760166e+00
   2.0000000e+00  -8.4299476e-01  -2.1167797e-01  -5.6947538e-01   5.6137326e-01  -7.6313608e-01   2.2118825e-01   6.9717018e-02  -1.5847307e+00   8.9354305e-01   1.9758048e+00
   2.0000000e+00  -1.1566504e+00   5.3367844e-01   1.1825248e+00   2.3923477e-01  -1.2204414e+00   4.0605283e-02  -1.3550355e+00   1.3802443e+00  -6.4723363e-01  -6.9527765e-01
   2.0000000e+00   2.1342154e-01   5.5883213e-01   1.5714300e+00   8.0688521e-01  -7.6802364e-01  -1.2392670e+00   1.4431889e+00  -2.1398429e-01   1.7202724e+00  -8.0758674e-01
   2.0000000e+00   5.5113537e-01   1.1749175e-01  -2.8054453e-01   2.1983221e-01   2.0655878e+00  -4.8258821e-02   9.1305131e-01  -1.4317825e-01   1.1641851e+00   2.3241178e+00
   2.0000000e+00  -6.5309739e-01   1.5578870e+00  -1.5595112e+00  -2.9461626e-01  -4.6738952e-01   6.6454659e-01  -3.8507863e-01   5.1053100e-01  -2.0451658e+00  -1.6442867e+00
   2.0000000e+00   1.2806583e-01  -1.3401618e+00   1.6460900e-01  -5.8115010e-01   1.3068584e-01  -1.6790430e+00  -9.8013431e-01   7.7711444e-01   1.0855322e+00   2.3570623e-01
   2.0000000e+00   1.6664931e+00   9.7652828e-01  -1.2981433e+00  -1.8805930e-01  -1.0003237e-01   1.6995249e-01  -2.8244012e-01  -9.1096560e-01  -8.1330612e-01  -2.1492868e+00
   2.0000000e+00   4.1798583e-01   5.4758803e-01  -5.8194316e-01  -1.6966517e+00   5.4346874e-01   6.3712340e-01   4.4443725e-01   1.4920503e+00  -1.2450416e+00   1.7192111e-01
   2.0000000e+00   2.1961721e-01  -9.3409605e-01  -6.2134950e-02  -8.7946578e-01  -2.0485533e+00   7.6734076e-01   1.6930549e+00   6.1125589e-01  -1.8717738e+00   2.6228736e-01
   2.0000000e+00  -2.2416128e+00   8.0781011e-01   1.1271950e+00   1.3942565e+00   1.1811361e+00   1.1410812e+00   1.9782476e-01  -1.1207081e-01  -2.0145903e-01  -1.6522469e+00
   1.0000000e+00   1.8357344e+00   5.5496803e-02   3.0628899e-01  -1.2264668e+00   1.1406025e+00   6.7851979e-02   1.6872609e-01  -1.3756788e+00  -7.6836624e-01   6.1556326e-01
   2.0000000e+00  -1.1862041e-01  -2.5317271e-01  -2.6595340e-01   8.6994028e-01  -2.4246591e-01   4.6301615e-02   3.2676033e-01   2.5490180e+00  -2.2757112e+00   1.4672584e-01
   1.0000000e+00  -2.4495973e-02   3.1207583e-01   7.9510093e-01   4.4416671e-01   7.3677670e-01   4.3692779e-01   2.8064510e-01   4.5753397e-01   1.0196862e-02  -3.0478539e-01
   2.0000000e+00   1.4381740e+00   6.0126197e-01  -8.5660068e-01  -7.5572549e-02  -1.1606438e-01   1.1836781e+00  -9.0649642e-01   1.9374792e-01  -9.7664163e-01   1.8153148e+00
   2.0000000e+00  -2.9751730e-01   2.4301459e+00   4.0415782e-01  -1.4600955e+00  -6.3473707e-01   1.0807403e+00  -1.5318271e+00   2.8604729e-01  -1.6285315e+00   3.4987551e-01
   2.0000000e+00  -1.0898942e+00   6.2118167e-01  -1.0987217e+00  -1.3319518e+00   6.4939463e-01  -3.0561275e-01  -2.2818492e-01  -8.8851334e-01  -1.7117877e+00   9.1921274e-03
   1.0000000e+00   1.3707132e+00  -1.0513737e-01   2.0410060e-01   7.8253291e-01  -2.0439460e+00  -1.3050486e+00  -1.0924022e+00   1.3834668e+00   1.6430301e-01  -8.4961463e-01
   2.0000000e+00  -3.6255871e-02   1.8083281e-02  -2.1175704e-01   2.6229870e-01  -1.0723382e+00  -1.4539915e+00  -8.7573831e-01  -8.5570143e-01  -4.1775801e-01   1.2331121e+00
   1.0000000e+00   7.0841381e-01   8.5167857e-01   2.4784614e-01  -1.1331754e-01  -2.6172477e-01  -1.4516618e+00   1.8148465e+00  -5.3674884e-01  -7.5284569e-01   1.6406663e+00
   2.0000000e+00  -2.5949803e-01   9.4059943e-01   1.1362453e-01  -5.0612187e-01  -1.0223240e-01  -1.0412233e+00   1.1957078e+00  -2.0142667e-01  -6.6709540e-01  -3.5827548e-01
   2.0000000e+00   4.1340736e-01   9.4713883e-01   4.0567328e-01  -9.8638795e-01   9.7665275e-01  -1.7440712e+00   1.0008079e+00  -1.6031271e+00  -2.1739824e-01   1.6047856e+00
   2.0000000e+00   1.8551209e+00   1.0638288e+00   8.1693840e-01   8.3346709e-01   6.7906076e-01   5.1166381e-01   1.5666617e-01   1.4085261e+00  -1.8507490e+00  -1.0415723e+00
   2.0000000e+00   3.2534902e-01   5.1702591e-01  -5.7335100e-01   8.1846707e-01   1.8166653e+00  -1.9873688e+00  -1.3184398e+00   7.0633928e-01  -2.4273111e+00  -3.4580132e-04
   2.0000000e+00   8.9736448e-02   9.3136374e-01  -6.3712425e-01  -3.7087112e-01  -1.5604132e-01  -1.8848377e+00   9.2691533e-01   1.0075086e+00  -3.2172611e-01  -3.0388778e-01
   2.0000000e+00  -2.7773773e-01   7.4528637e-01   7.5896148e-01  -1.1025062e+00  -5.9784133e-01   2.8613494e-01  -1.0660868e+00   7.4377998e-01   3.7959698e-01  -3.3936816e-01
   2.0000000e+00   4.7309165e-01   7.8363929e-01   6.8127213e-01   3.6327074e-01  -3.5977782e-01   1.0338157e+00   1.5997582e-01  -7.2712919e-02  -1.1503576e+00  -4.8585890e-02
   2.0000000e+00   1.5806001e-01  -2.2180871e+00  -1.2539084e+00   1.1869616e+00  -2.0094467e+00  -2.4244815e+00   1.2813342e+00   1.2569391e-02  -1.6602145e+00  -6.8215747e-01
   2.0000000e+00   2.8028443e-01  -1.7724328e+00  -5.0433813e-01  -1.1763615e+00  -1.2821102e-01  -1.3670815e+00  -3.3510627e-01  -1.2073915e+00  -5.5539670e-01  -1.4806164e+00
   2.0000000e+00   3.2759847e-01  -7.6203408e-01   1.2549138e+00  -7.2571714e-01  -1.0402146e+00   2.4865613e-02  -4.8883732e-01  -3.7093316e-01  -9.9953272e-01   1.5369938e+00
   1.0000000e+00   8.8237246e-01  -1.7103155e-01   6.8757761e-01  -2.2990221e+00  -1.1986256e-01  -4.6622241e-01  -1.6259306e+00   6.1390364e-01   2.0016986e-01   2.5593316e-01
   2.0000000e+00  -7.9028404e-01   1.3427649e+00   4.7780533e-01   1.1511247e+00  -4.2737393e-01  -5.9732323e-01  -1.2796035e+00   1.0308222e+00  -1.2736663e+00  -1.2572420e+00
   2.0000000e+00  -3.0680806e-01   1.3974166e+00  -3.4191606e-01  -2.3608914e-01  -2.2501917e-01  -1.2977378e+00  -2.9748044e-01  -3.3826151e-01   8.3202654e-02   2.0807698e+00
   2.0000000e+00   3.8967529e-01   2.0592592e+00   1.0724101e+00   1.9230598e-01   5.3574431e-01  -7.5152188e-01  -1.0631832e+00   9.8479008e-02   1.3535177e+00  -1.0593548e+00
   2.0000000e+00   1.4303536e+00   1.1473079e+00   9.0307389e-01  -6.2175331e-01   2.2487946e-01  -5.5507080e-01   4.2794886e-01   7.1081904e-01   8.5322222e-01  -7.8291527e-01
   2.0000000e+00   1.8648399e-01  -1.0239263e+00   1.0350772e+00   7.9474472e-01   8.0922478e-01  -7.4990872e-01   4.4382043e-01   5.2499145e-02  -1.0367033e+00  -7.5874443e-01
   2.0000000e+00  -2.1048519e-01   3.5870992e-01  -9.2076399e-01   5.9060537e-01  -3.9729327e-01  -1.3270615e+00   7.4128100e-01  -1.6274595e+00   1.0865059e+00  -3.9232464e-01
   2.0000000e+00   5.3388334e-01   1.7279723e+00   4.6637167e-01   1.2835105e+00   7.3010559e-01   2.2342394e-01  -1.3532104e+00  -6.7954985e-01   1.4945503e+00   5.9146597e-01
   2.0000000e+00   7.5858318e-01   6.4187152e-01  -7.6519804e-01  -5.3588370e-01  -9.5273014e-01  -9.4567648e-01  -1.9630126e+00   4.4528346e-01  -5.3472161e-01  -1.1920092e+00
   2.0000000e+00   7.1164907e-01   5.6589548e-01  -1.6128667e+00  -3.1806687e-01  -7.7372691e-01   8.9226389e-01  -1.0732113e-01  -7.7988333e-01   7.8056786e-01  -1.0196238e+00
   2.0000000e+00   3.9217956e-01   2.2191196e+00  -1.1101651e+00   7.2863318e-01   1.3863797e-01   1.1150845e-01   8.0763265e-01  -3.6520269e-01   2.2016595e+00  -1.0381783e+00
   2.0000000e+00  -3.5064496e-01   1.4673769e+00  -1.0631985e-01  -3.3979949e-01  -9.8490317e-01  -2.4644027e+00  -8.9794029e-01   1.2370810e+00   9.4163735e-02   2.0733452e-01
   2.0000000e+00  -6.3896720e-01  -8.6340671e-01  -1.3713387e+00  -2.9009777e-01  -6.2083106e-01   5.5946407e-02  -2.0754500e-01  -1.7371047e+00  -1.6136045e+00  -9.0250019e-01
   2.0000000e+00   5.5748125e-01   4.4095866e-01  -1.3786379e+00   1.5717639e+00  -2.6219084e-02  -1.1094371e-01   1.5233627e-01   7.5591970e-01  -5.0943504e-01   4.4393346e-01
   1.0000000e+00   1.0152291e+00   1.6706268e-01   8.6171105e-01  -1.6717667e-01  -2.1868334e-01  -3.5106692e-01   8.1828497e-01  -1.5279737e+00   8.0381306e-01   6.3196922e-01
   2.0000000e+00   3.8050493e-01  -9.6535189e-01  -5.4232909e-01   7.6018759e-01  -1.2924797e+00  -1.3739613e+00  -1.7876454e+00   2.7438060e-01   1.9145010e-01   2.4414438e-01
   2.0000000e+00  -1.2798952e+00   4.8274402e-01  -4.8024695e-01   1.2078882e+00   4.0641656e-01   1.6108960e+00  -1.3139557e+00  -8.3452280e-01  -9.1461059e-01   1.3738113e+00
   2.0000000e+00   1.7766607e-02   2.1755473e-01  -1.4368702e+00   2.1399845e+00  -7.5527804e-01   4.2070093e-01   6.1153630e-01   3.7942196e-02   9.3861619e-01   1.6450841e+00
   2.0000000e+00   1.3889784e+00   2.5672469e-01   1.3001478e+00  -1.7006881e-01   3.5657584e-01   1.1161956e+00  -7.0186747e-01   1.1207218e+00   5.2359532e-01  -1.2830576e+00
   2.0000000e+00   1.1899631e-01   4.4962112e-01   1.3218073e+00  -1.8217035e+00  -1.7625036e+00   1.1558577e+00   7.4681230e-01  -1.5627930e+00   1.3175451e+00   7.0290099e-01
   2.0000000e+00   2.4601366e+00  -1.7571865e-01  -1.6293097e+00   8.5550986e-01   8.9974555e-01   2.0037450e-01   1.6648152e-01  -2.7966282e-01  -2.3351435e-01   1.6281082e+00
   2.0000000e+00   4.8540774e-01  -1.0100751e+00   8.9925358e-01  -1.4722552e+00   1.5755372e+00   9.9601877e-01  -1.5561471e-02   1.8069595e-01  -2.7222717e+00  -2.2379037e+00
   1.0000000e+00  -3.5334449e-01  -2.3775660e-01   8.2850988e-01  -8.5097334e-01  -4.0457865e-01   5.7264354e-01  -1.9858155e-01  -2.2606512e-01  -5.1548490e-01   1.7847672e+00
   2.0000000e+00  -1.1647481e+00  -6.0417473e-01   7.3267055e-01  -5.5420621e-01  -4.2991733e-01  -4.9260226e-01   3.0182918e-02   1.2686788e-01  -1.1706129e+00   8.2083317e-01
   2.0000000e+00  -1.2178205e+00   1.9745927e+00  -1.7453111e+00  -6.1403645e-01  -6.4503749e-01   1.2210772e+00  -6.8259641e-01  -1.8248697e+00  -1.9240177e-01   1.1626220e+00
   2.0000000e+00   5.6073730e-01  -1.6645382e+00   9.7069393e-01   3.5011941e-01  -1.0847825e+00   9.0948027e-01   8.0462660e-01  -1.2738866e+00   4.0934501e-01  -4.8225561e-01
   2.0000000e+00   1.7845932e+00  -1.2750205e-01  -2.2547824e+00  -1.2782148e+00  -1.0914158e+00  -5.5124140e-01   3.0342160e-01   2.1809672e-01   5.5997133e-01   9.0339847e-01
   2.0000000e+00   2.3443420e+00  -8.5554913e-01  -2.1053715e+00  -6.2753480e-01   3.5625252e-01   1.0518902e+00   1.5298213e-01   3.3494048e-01   6.2563234e-01   1.3040470e+00
   1.0000000e+00   1.6927712e+00   2.3747738e-01   7.7078570e-01  -3.3446153e-01   5.9493539e-01  -9.4183411e-02   2.6421467e-02  -3.9769117e-01   1.3437654e+00  -1.8770360e+00
   2.0000000e+00  -8.8083452e-01  -8.6957437e-01   6.6534221e-01  -2.8431383e-01  -1.0283490e-01   7.2395221e-01  -1.5346462e+00  -1.2025856e+00  -4.3386316e-01   1.2580730e-01
   1.0000000e+00   3.3511276e-01  -3.4923220e-01   5.9136448e-02   3.6228412e-01   1.7960882e+00   3.2510475e-01  -5.3174420e-01   2.2070058e-02   8.3361247e-01  -1.0166404e+00
   2.0000000e+00   1.2476806e+00   1.1368908e+00   5.0182162e-01   7.4081134e-01   6.0909646e-01  -9.1560396e-02   1.6394172e+00   1.1164046e+00  -2.3249478e+00   2.2824355e-01
   2.0000000e+00   2.5475388e-01  -8.1657697e-01  -1.9454743e+00  -1.4588159e-01   2.9102139e+00   3.2833963e-01  -7.3599573e-01  -1.7897606e+00  -1.1109406e+00   8.6442330e-02
   2.0000000e+00  -1.2318227e+00  -9.4513052e-01   8.2843435e-01   4.1714781e-01   7.1068078e-01   1.0994866e+00   1.4774457e+00   3.4565523e-01  -1.2127584e+00   2.5903337e-01
   2.0000000e+00  -2.8282919e-01  -1.8162457e+00   7.7330926e-01   1.3385439e+00  -5.7503776e-03  -7.0043211e-01   1.3769103e-01   1.1531801e+00  -8.9223874e-01  -1.4217638e-01
   2.0000000e+00  -1.6446651e-01   1.5039918e-01  -6.0576947e-01  -1.3582594e-01  -1.9220026e+00   1.0606198e+00  -1.6851136e+00   1.0474674e+00   6.2530437e-01  -8.9560381e-01
   2.0000000e+00  -9.6151975e-01   1.7584460e+00   1.5447756e+00  -4.1702099e-01  -1.8761301e-01  -1.2828628e+00  -8.1265715e-01   4.3386973e-01   6.8124570e-01   4.6367431e-01
   1.0000000e+00  -1.0277975e+00   5.6236115e-01   6.4473924e-01  -1.3825869e+00   9.6111300e-01   7.4544720e-01   6.0596500e-02   1.4396437e+00   5.3441352e-01  -7.5819715e-01
   2.0000000e+00   6.0122576e-02   5.0452220e-01  -4.0745015e-01  -1.5409502e+00   7.9678225e-01  -9.8821750e-01   9.6128330e-01   3.9327256e-01  -7.8469873e-02  -2.4184053e-01
   2.0000000e+00   4.1245638e-01   1.1337257e+00  -1.9571293e-02   3.3643013e-01  -1.4173288e+00  -9.4039138e-02  -1.1577967e+00  -7.9368622e-02   2.2918908e+00  -3.7616841e-01
   2.0000000e+00   1.2395551e+00   1.1786581e+00  -9.4224079e-01   1.2461607e+00   8.5446154e-01   9.8459424e-01   1.8762938e+00  -7.2016292e-01  -2.7555216e-01  -1.1197512e+00
   2.0000000e+00  -1.4427758e+00   8.1030096e-01   1.4043870e-01  -1.2861555e+00   1.4617691e-01  -2.0418661e+00  -1.1570721e+00   2.2805981e+00   2.3679743e-01  -8.7350086e-01
   2.0000000e+00   2.3113792e+00   1.4231037e+00   1.2089971e+00  -1.1275634e-01  -1.3440556e+00  -6.6072139e-01  -5.0478848e-01  -6.7964800e-01   4.2563291e-01  -3.9539445e-01
   2.0000000e+00   2.3241814e-01  -8.1548451e-01  -1.3696543e+00   6.6415885e-01   1.1363175e+00  -1.8228041e-01   1.4704447e+00  -1.9947079e-01  -9.3226362e-01   5.7348804e-01
   2.0000000e+00  -2.1812731e+00  -4.7488840e-01  -1.3471796e-01  -1.0042028e+00  -1.7857944e-01   3.0384216e-01   3.7016376e-01  -6.0067390e-01  -1.5363789e+00  -7.8171763e-01
   2.0000000e+00   6.2326775e-01  -2.2957932e-01  -1.9997520e-01  -4.8661647e-01   2.8290682e+00   2.9435528e-01  -1.2187410e+00  -4.1913147e-02   6.5533187e-01  -6.0165383e-01
   2.0000000e+00   1.0147130e-01  -4.4984941e-01  -1.0493146e+00   2.3857215e+00   4.9492879e-01  -7.8745429e-01  -2.3991040e-01   8.6090682e-02  -1.7753181e-01   7.1011145e-01
   2.0000000e+00  -3.5150591e-01  -2.7803491e-02  -3.9614495e-01   9.7310704e-01   5.0872493e-01  -2.7304511e-01   7.8850074e-01   3.1162889e-01   3.6461841e-01  -8.2722148e-01
   2.0000000e+00   1.8305010e-01  -3.6910032e-01  -2.7679475e+00   4.3333583e-01  -1.4502132e+00  -1.1414625e+00  -6.7028046e-01   1.0644423e+00   4.1371618e-02  -5.1545474e-01
   2.0000000e+00   9.4165361e-01  -1.9310662e-01  -1.2089988e-01   1.1865154e+00   7.2171516e-01   5.0445039e-02  -4.2285027e-01  -4.0399308e-01   9.1270099e-01  -1.1673340e+00
   2.0000000e+00   2.6325550e-01  -9.0756098e-01  -1.3706116e+00  -3.5516078e-01  -4.2952696e-01   4.7484167e-01   1.6950747e+00  -1.0874527e+00  -2.0722334e+00   5.7625961e-02
   2.0000000e+00   5.3041975e-01   4.4194739e-01  -2.8809946e-01  -7.1016826e-01  -8.1775601e-03   7.4812221e-01  -3.5244196e-01   1.7208489e+00  -9.8299234e-01  -5.0310897e-01
   2.0000000e+00  -4.0667204e-01   1.6200622e+00   2.6215569e-01   8.5351108e-01  -6.5927227e-01  -5.0903182e-01   2.6341900e-01   1.4513676e+00   9.3697864e-01  -1.4226565e+00
   2.0000000e+00  -7.1331181e-01  -4.0421197e-01  -8.0673758e-01  -1.6110454e-01  -6.3025455e-01  -1.5085130e+00  -2.3256663e-01   1.1372248e+00  -6.7136808e-01   9.3010399e-01
   2.0000000e+00   9.1245683e-02  -2.0032729e-01  -5.1662321e-01   1.4318980e+00  -2.8836045e-01   1.0108206e+00   1.2704663e+00  -1.1728151e-01   3.4727344e-01  -5.9155058e-01
   2.0000000e+00   2.2445452e-01   6.8043045e-01  -6.6835589e-01   1.1872555e-01  -1.1606139e+00   2.2226544e+00   3.5000670e-01   2.1283131e-02   8.8914117e-01  -1.4648705e+00
   1.0000000e+00   6.3051289e-01  -3.8007543e-01   3.2399179e-01  -1.3150962e+00   2.1293070e-01   9.4556592e-01  -6.1866979e-01  -7.2664899e-01   2.0002341e+00   2.7342715e-04
   1.0000000e+00   1.2629331e+00   2.6846272e-01   7.9085044e-01   1.0157592e+00   8.6998143e-02  -1.5985447e-01  -3.7845550e-02  -6.9518349e-01   1.1988212e-01  -7.4648260e-01
   2.0000000e+00   8.9276058e-01   1.3059925e+00   9.5831128e-03   2.1505997e-02  -1.3025324e+00   3.2131458e-01   1.7416938e-02  -2.3698759e-01  -6.9146275e-01   1.7069147e+00
   2.0000000e+00   4.9796230e-01  -3.7064805e-01  -3.9384719e-01   9.4744165e-01  -1.4608214e-01   1.6800926e-01  -1.5689978e+00  -1.5746775e+00  -1.0263369e+00   7.2199845e-01
   2.0000000e+00  -1.3884175e-01  -1.1988572e+00  -1.0305738e+00  -5.0949448e-01  -3.0934065e-01  -6.5545733e-01   9.2355211e-01  -3.5848448e-01   9.0409373e-01  -3.0581225e-01
   2.0000000e+00   3.3446515e-01   1.3692971e+00  -1.5067878e+00  -7.5352684e-01  -1.4374543e+00  -5.2101666e-02  -1.3014678e+00   1.1796398e+00  -2.8486395e-01   9.3037570e-02
   2.0000000e+00   8.0286343e-01  -1.0259783e+00  -9.7438656e-01   3.1154964e-01  -4.2436829e-01   7.8346847e-01  -1.4766866e-01   1.4611500e-01  -6.4293286e-01  -3.5779414e-02
   2.0000000e+00   1.8785069e-01   4.6061833e-01  -2.5455747e-01   1.6707683e+00  -4.0914908e-01  -3.5771647e-01   1.2334968e+00   2.5670561e-01  -1.1175386e+00  -1.5661220e+00
   2.0000000e+00   2.9109121e-01  -1.5788736e+00  -2.4774692e+00   3.6683310e-02   1.1277570e+00  -2.2386449e-01   6.4780545e-01  -1.1527941e+00   7.1480796e-01   3.5718954e-01
   2.0000000e+00  -3.3480776e-01   2.2884061e+00  -6.9337671e-02  -2.7406205e-01   8.9563950e-01  -9.4157899e-01   1.2713963e+00  -9.1726955e-01  -2.0059884e+00  -4.5345203e-01
   2.0000000e+00  -9.5317129e-01   1.0968602e+00   1.8699565e+00   5.0997384e-02   1.0079765e+00  -1.1304342e+00   1.0431694e+00  -1.5982403e+00  -1.3112635e+00  -6.3922278e-01
   2.0000000e+00   1.1440474e+00  -2.5468520e+00   7.4997748e-01   2.6024754e-01   7.0629649e-01  -9.8924128e-01   1.0486184e+00  -5.8569369e-01   1.8308813e+00  -5.1643449e-01
   2.0000000e+00  -3.1738716e-01   1.4140504e+00  -6.0572411e-02  -2.6785825e-02  -1.4326149e+00  -6.5015702e-01  -2.0268472e+00  -9.7102269e-03   6.7227903e-01   1.2682135e+00
   2.0000000e+00  -1.7944244e+00  -1.1498815e+00   8.7079360e-01  -6.0775442e-02   4.1934983e-01   4.7920677e-01   1.5440664e-02   3.7440365e-01   8.1962387e-01   4.1072254e-01
   2.0000000e+00  -1.7854563e+00  -1.5913755e+00  -6.3248880e-01  -3.3190821e-02  -5.7451445e-01   1.4671630e-01   1.3884474e+00   1.5110661e+00  -1.8487196e+00   5.9264580e-01
   2.0000000e+00   7.2219075e-01  -6.1410135e-01  -1.0028774e-01   5.4470184e-01   8.6143533e-01   1.2797278e+00   2.0333328e+00   7.0600287e-01   6.8049658e-01   1.5395704e+00
   2.0000000e+00  -1.0320737e+00  -1.0985117e+00  -3.1092654e+00  -1.0812932e+00   1.9848017e-02   3.1009583e-01   8.8342295e-02   1.3746763e+00  -1.5551784e+00   1.8936853e+00
   2.0000000e+00  -6.2222820e-01   9.7745787e-01   4.0058135e-01   3.4175565e-01  -2.2212627e+00  -1.1681184e-01  -5.9067832e-01   2.7345028e+00  -7.0738963e-01   5.3992640e-01
   2.0000000e+00   6.3611959e-01   1.7411564e+00  -2.8166004e-01  -7.8391293e-01  -4.7436812e-01  -2.1462934e+00   1.0621125e-01   1.2084863e-01   9.3415880e-01  -9.1359656e-01
   2.0000000e+00  -1.4310107e+00   4.3975189e-01  -1.2225607e+00   4.8946782e-01  -8.4014836e-01   6.1732758e-01   7.6062015e-02  -3.7694768e-01  -1.3790108e+00  -6.7138972e-01
   1.0000000e+00   3.1402772e-01  -7.8296973e-02   3.4967101e-02   8.1180485e-01  -1.8514629e+00   6.4613642e-01  -2.0756426e+00   1.2461047e-01   3.4599522e-01   9.5116605e-02
   2.0000000e+00  -1.5151955e+00  -5.8956761e-01  -4.1904504e-01   4.8539311e-01   1.7969862e+00   1.2034491e+00  -2.6332420e-01  -2.9295506e-01  -5.3806521e-01  -1.5480860e+00
   2.0000000e+00  -1.9576248e+00  -3.6325935e-01  -9.8394032e-01   7.3772306e-01   6.4128954e-01   3.3739442e-01   7.0247948e-01  -1.4077159e+00   9.3512224e-01  -8.6252604e-02
   2.0000000e+00   1.3889838e+00  -1.0619627e+00   3.2416555e-01   1.7540234e+00  -1.3971831e+00   8.2566296e-01   7.8774146e-01  -5.7355414e-01  -3.2224770e-01  -7.2290295e-01
   2.0000000e+00  -7.0542252e-01   1.0240316e+00   8.8384077e-01  -8.5256181e-01  -1.1400033e+00   7.6757850e-01  -1.3237106e+00   1.9795316e-01  -5.1158137e-01   9.2932024e-01
   2.0000000e+00   1.1441543e+00  -7.2314063e-01  -6.4322112e-02   9.8240633e-01   1.0053149e+00  -3.3128062e-01   2.3766081e-01  -3.0003083e-01  -4.3165927e-01  -1.0484752e-01
   2.0000000e+00   2.2206047e+00  -9.9608123e-01   1.1220055e+00   8.3379293e-03   4.2982305e-01  -8.1074258e-01   1.3003113e+00   1.4912442e-01   7.8423931e-02   2.0334061e-02
   2.0000000e+00   8.2924369e-01   2.9117990e-02  -6.4338253e-01  -6.1113972e-02  -8.5116520e-01   8.4556864e-01  -2.3604904e-01   9.5653887e-01   1.0265244e+00   5.8147922e-01
   1.0000000e+00  -1.5887494e+00  -2.5883770e-01   4.4479039e-01   1.5553455e+00   1.5271785e+00  -7.2408749e-02  -3.7850154e-01  -1.8837154e+00   1.8119792e-01   8.8011528e-01
   2.0000000e+00  -6.2509528e-02  -2.4248013e-01  -1.8969501e+00   1.0099517e+00  -4.1963428e-01   2.5876077e-01   1.0958104e+00  -1.0096661e+00  -1.0252088e+00  -2.2645931e+00
   1.0000000e+00   5.7683895e-01   1.8607727e-01   7.9031159e-01  -1.3714360e+00   1.1746572e+00   8.9452534e-01  -3.2545347e-01  -4.6543668e-01  -4.3621076e-01  -1.9759060e-01
   2.0000000e+00   7.2539457e-01  -1.1170944e+00  -2.1240469e-01  -1.5022979e+00   1.7564110e+00  -7.6468647e-01   1.0194655e+00   4.9482232e-01   2.5813014e-03  -6.4584753e-01
   2.0000000e+00   6.8672375e-01   5.3613667e-01   9.2472125e-01   9.0991870e-01   9.2146860e-01   7.9621654e-01   1.5942865e+00   3.1600851e-02  -1.6399336e+00  -4.9629060e-01
   2.0000000e+00  -3.0061285e-01  -8.6364395e-01  -6.2032027e-01   5.2067929e-01  -1.4371448e+00   9.5531550e-01   2.4526669e+00  -5.0231902e-01   8.4310250e-01   3.3291800e-03
   2.0000000e+00   4.0868914e-01  -5.0753398e-01  -1.1850180e+00   1.5929151e+00   1.2750465e-01   3.8428196e-01  -1.0347195e+00   5.3792064e-01   7.8329403e-02   1.8126195e-01
   2.0000000e+00  -8.5335828e-01   2.1789936e+00   1.3168728e+00  -3.8906436e-01   1.9163070e+00  -1.4900983e+00  -4.9571074e-01   7.7187597e-01  -1.2602525e+00   4.0865213e-01
   2.0000000e+00  -2.1310667e-01  -1.1934875e+00   1.7703106e+00   8.2404300e-01  -1.0118921e+00  -7.7279646e-01  -2.9345177e-02  -1.7501098e+00   5.4854319e-01   9.4724360e-01
   2.0000000e+00  -1.7119381e+00   7.4435209e-01  -3.7554997e-01   9.3183387e-01   1.1563812e-01  -5.5139466e-01   5.8945355e-01   7.5738619e-01   7.5826517e-01  -1.0354147e+00
   2.0000000e+00  -4.6740416e-01  -1.5731874e+00   9.5875617e-01   1.0565256e+00   2.8406293e-01   6.3571043e-01   1.0189100e+00   7.1367836e-01  -4.1588686e-01   9.5618855e-01
   2.0000000e+00  -2.0217728e+00   1.3996333e+00   6.9433859e-01   5.4890731e-02   1.4569053e+00  -7.4928884e-01  -1.1130476e+00   1.4260481e-01  -8.7687174e-01  -1.3644755e+00
   2.0000000e+00  -3.4711584e-01   2.3934461e-01  -8.3190373e-03  -5.1582646e-01  -3.2047912e-01   7.9855044e-01  -2.3874163e-01   7.2515550e-01   1.1955710e+00   4.0741356e-01
   2.0000000e+00  -7.7703987e-01  -2.0828358e+00   3.0859153e-01   6.2004137e-01  -1.4663647e+00   6.0859237e-01   1.3874921e+00  -2.0878268e-01   4.3573258e-01   9.1841575e-01
   2.0000000e+00  -6.2653488e-01   9.0723420e-01  -2.0393875e-01   7.6894520e-01   9.2278806e-01   9.4157177e-03  -1.4657659e+00  -1.0801393e+00   7.2317341e-01  -2.4583723e-01
   2.0000000e+00   9.1721804e-01   7.8829764e-01  -1.9310169e-02  -1.0176589e+00  -1.2524360e-01  -3.0116276e-01  -1.9394387e+00   4.7244832e-01   2.7105422e-01   1.3833980e-01
   2.0000000e+00  -1.6228734e+00  -1.2883670e+00   2.1905155e+00  -2.0064363e+00   1.7669026e+00   1.6158582e+00  -1.7608805e+00  -1.2847657e+00   2.6554236e+00  -1.2128544e+00
   2.0000000e+00   8.3333364e-01   1.2986009e+00   4.4121499e-01   7.9983157e-01  -1.3033762e-01   1.3308141e+00  -1.7708374e+00  -1.2240402e+00  -6.9309809e-01  -4.3001171e-02
   2.0000000e+00  -9.4988107e-02   2.4067609e-02  -1.9526452e+00  -9.9321069e-01  -1.6698897e-02   1.3006356e+00  -1.9913768e-01   1.6524859e+00  -6.8785447e-01   9.2206182e-02
   2.0000000e+00   1.2695508e+00  -6.9843871e-01  -4.0436688e-02  -1.2100124e+00   1.5168440e+00  -2.5022003e+00  -3.3043521e-01  -1.9711280e-01  -8.9084379e-01  -5.7779686e-01
   2.0000000e+00  -1.1723188e+00   7.3301139e-01   2.1286339e+00  -1.5568457e-01   1.4083043e-01   6.3562535e-02  -1.4012250e+00   2.5184275e-01   1.1029144e+00   7.7246208e-02
   1.0000000e+00  -1.5632855e+00   2.0783674e-01   7.9974463e-01   1.2106816e+00   9.0088812e-01   1.3105431e+00   8.9549139e-01  -3.5193896e-02   1.0885707e+00  -9.9205036e-01
   2.0000000e+00  -8.5035341e-01  -4.5777740e-01   1.2153396e+00   1.3286040e-01   6.9783043e-01  -4.9080779e-01  -3.4705692e-01  -1.3147762e-01  -4.3007624e-01  -2.3396234e-01
   2.0000000e+00  -9.9178648e-01  -1.0948345e+00  -6.5580586e-01   9.6382666e-01  -3.5371277e-01  -2.9961183e-01   1.9363347e+00  -1.1090947e-01  -1.2437681e+00  -1.6844875e-01
   2.0000000e+00  -1.1462010e+00  -1.0438893e+00  -1.4639859e+00  -7.6214262e-01  -4.5955767e-01  -3.4070743e-01   7.4464601e-01   4.6029605e-01   2.6948623e+00   2.2053509e+00
   2.0000000e+00   8.2218156e-01   6.3095239e-01   1.0617818e+00   3.0204579e+00  -1.8777804e+00   1.1687157e+00  -3.2803537e-01  -1.1702903e+00  -2.9128614e-01   1.6912247e+00
   2.0000000e+00   1.6128906e-01   1.2150210e+00  -5.2462475e-01   3.8586542e-01  -9.6507326e-01   1.4548077e+00  -1.7530842e+00  -1.0126586e+00  -1.4667076e+00  -9.2805183e-01
   2.0000000e+00   7.1159771e-01  -9.7825180e-01  -9.5063802e-01   1.2060572e-01  -1.9806596e-01   8.6133355e-01   1.6742091e+00  -4.0283824e-01  -1.3703989e-01  -4.4089661e-01
   2.0000000e+00  -7.0003915e-01   4.8001954e-02  -7.9395000e-01  -2.3510152e-01  -4.1608841e-01   2.1120525e-01  -1.5473834e-01  -5.5683215e-01  -5.4542028e-01   1.0085415e+00
   2.0000000e+00   1.3116742e+00  -9.5171713e-01   1.1552734e+00  -8.2941171e-01   1.5173876e+00   2.7795949e-01  -4.8553141e-01  -6.4216169e-01   2.2121012e-01   9.6033935e-02
   2.0000000e+00  -4.2586165e-01   2.0985453e+00  -2.1049072e-01   3.0334322e-01  -1.4695141e+00  -2.3080484e-01  -2.4657660e+00   8.2420667e-01   1.1115161e+00   8.1579168e-01
   2.0000000e+00  -1.2157241e+00   8.5820395e-02  -4.2279836e-01   2.8928005e-02   1.1059661e+00  -1.3462050e+00   5.8945372e-01  -7.3054096e-01  -5.2209189e-01  -8.8964954e-01
   2.0000000e+00  -9.9197031e-01  -1.0567220e+00  -1.2003747e+00  -8.1243519e-02  -4.7651749e-01  -2.8095660e-01  -6.9215485e-01  -2.0261534e-02   6.7602290e-01  -4.3719789e-01
   2.0000000e+00   7.9199768e-01   1.5439326e-01  -1.7327075e+00  -3.2956685e-01  -1.1042860e+00   1.5066499e+00  -5.2507058e-01  -1.6831693e-03  -1.4144546e+00  -1.2239909e+00
   2.0000000e+00   2.9876759e-02  -1.3144064e+00  -1.8158141e-01   8.8086471e-01   1.2174239e+00  -4.3408246e-01  -4.9157197e-01   1.8222422e+00   6.0789440e-01  -6.6961984e-01
   2.0000000e+00   1.8869040e-01  -8.8131683e-02  -4.1894981e-01  -6.9085767e-01   3.0614120e-01  -1.4613180e-01   1.6672142e+00  -4.6094204e-02  -6.9804661e-01  -2.0764159e-01
   2.0000000e+00   7.8478372e-01  -1.7978768e-01  -1.1991300e-01   2.8502728e-01   6.6357554e-01  -1.1933994e+00   7.3748769e-01  -4.7787670e-01  -1.5871435e+00  -6.1093654e-01
   2.0000000e+00   2.0481491e+00  -4.5798331e-01   2.1505001e+00   2.0763214e+00  -7.4757687e-01  -1.1289022e+00  -8.4767221e-01   1.2912927e+00  -1.1863053e+00   5.2781038e-02
   2.0000000e+00   3.4950303e-01  -6.8433659e-01  -5.9226998e-02   2.5032361e+00   1.5530730e-01  -1.3133377e+00   5.2784375e-01  -1.6691530e+00  -4.9752341e-01   4.2008793e-01
   1.0000000e+00   7.8393030e-01  -5.7575476e-01   1.3754989e-01  -5.7260588e-01   2.5131149e-01  -3.6856207e-01  -7.0883400e-01  -2.7665481e-01   7.3738354e-01   4.4118598e-02
   1.0000000e+00   1.1655947e+00   1.2761315e-01   1.2977230e-01   4.6571597e-01  -9.0081361e-01   7.9383854e-01   1.1638927e+00   6.2406061e-01   1.9881375e-02  -1.8230814e-01
   2.0000000e+00  -1.5629251e+00   5.6965770e-01   1.6221228e+00   4.3770921e-01   3.0399309e-01   9.3382343e-01   2.7210765e-01  -1.1395083e+00   4.8188268e-01   1.8229344e+00
   2.0000000e+00   2.4555001e-01   9.9610926e-01  -2.0799935e+00   2.7360773e-01  -3.7951740e-01  -8.8677546e-01   3.7714025e-01   1.7574317e+00  -6.8522337e-01   6.9165805e-01
   2.0000000e+00   3.8174360e-01   5.9997318e-01  -3.7087805e-01  -2.8991531e-01  -1.4481097e+00  -1.2101665e-01   6.3777809e-01   6.3634801e-01  -1.1494685e+00  -3.4150845e-01
   2.0000000e+00   4.0020601e-01   1.1419318e+00  -1.2920996e+00   9.2807775e-01  -1.0567211e-01  -4.9373939e-01   7.2817215e-01  -7.3777838e-01   9.2035769e-01   1.3684234e+00
   2.0000000e+00  -1.1013705e+00  -4.9897102e-01   1.1055690e+00  -1.1177656e+00  -8.1510562e-01  -1.3033535e+00   1.0327399e+00   1.5159884e+00   7.5337190e-01   6.4991556e-02
   1.0000000e+00  -2.4042704e+00  -3.6691984e-01   4.5321960e-01  -8.7495681e-01   5.1442235e-01   2.7520986e-01  -5.9987583e-01   5.3398829e-01   9.9298890e-01  -4.0432726e-01
   2.0000000e+00   1.0448463e+00  -5.5542304e-01  -2.2578303e-01   1.0034436e+00   3.0200033e+00   2.4564998e-01   1.0411500e-01   1.8978419e+00   4.4418507e-01  -1.5696040e+00
